t[Ts]	C_l(t)	C_h(t)	N_l(t)	N_h(t)	E_l(t)	E_h(t)	A_LL(t)	A_HL(t)	A_HH(t)	A_L(t)	A_H(t)	A(t)
0.0	0.0	134.722	0.0	0.0	0	0	0	0	0	0	0	0
1.0000002652000044e-11	3.65769	131.064	0.000139727	0.0100203	0	0	0	0	0	0	0	0
2.0000058344001004e-11	7.05104	127.671	0.000545052	0.0197749	0	0	0	0	0	0	0	0
2.999995491599923e-11	10.2186	124.503	0.00119756	0.0292824	0	0	0	0	0	0	0	0
3.999998408799973e-11	13.1895	121.532	0.00208138	0.0385586	0	0	0	0	0	0	0	0
5.000001326000023e-11	15.987	118.735	0.00318257	0.0476174	0	0	0	0	0	0	0	0
6.000004243200073e-11	18.6294	116.092	0.00448879	0.0564712	0	0	0	0	0	0	0	0
6.999993900399895e-11	21.1324	113.589	0.00598894	0.065131	0	0	0	0	0	0	0	0
7.999996817599945e-11	23.5089	111.213	0.007673	0.073607	0	0	0	0	0	0	0	0
8.999999734799997e-11	25.7699	108.952	0.00953187	0.0819081	0	0	0	0	0	0	0	0
1.0000002652000045e-10	27.9251	106.796	0.0115572	0.0900428	0	0	0	0	0	0	0	0
1.1000005569200095e-10	29.9829	104.739	0.0137414	0.0980186	0	0	0	0	0	0	0	0
1.1999995226399916e-10	31.9508	102.771	0.0160773	0.105843	0	0	0	0	0	0	0	0
1.299999814359997e-10	33.8351	100.886	0.0185584	0.113522	0	0	0	0	0	0	0	0
1.40000408408007e-10	35.6419	99.0796	0.0211786	0.121061	0	0	0	0	0	0	0	0
1.4999977457999613e-10	37.3764	97.3452	0.0239324	0.128468	0	0	0	0	0	0	0	0
1.6000046675200803e-10	39.0432	95.6783	0.0268144	0.135746	0	0	0	0	0	0	0	0
1.6999983292399713e-10	40.6468	94.0748	0.0298197	0.1429	0	0	0	0	0	0	0	0
1.8000052509600903e-10	42.191	92.5306	0.0329436	0.149936	0	0	0	0	0	0	0	0
1.8999989126799815e-10	43.6793	91.0423	0.0361819	0.156858	0	0	0	0	0	0	0	0
2.0000058344001003e-10	45.115	89.6065	0.0395305	0.163669	0	0	0	0	0	0	0	0
2.0999994961199913e-10	46.5012	88.2204	0.0429854	0.170375	0	0	0	0	0	0	0	0
2.2000064178401103e-10	47.8405	86.8811	0.046543	0.176977	0	0	0	0	0	0	0	0
2.3000000795600013e-10	49.1354	85.5861	0.0502	0.18348	0	0	0	0	0	0	0	0
2.3999937412798925e-10	50.3884	84.3332	0.053953	0.189887	0	0	0	0	0	0	0	0
2.5000006630000113e-10	51.6016	83.12	0.0577991	0.196201	0	0	0	0	0	0	0	0
2.5999943247199025e-10	52.7769	81.9446	0.0617351	0.202425	0	0	0	0	0	0	0	0
2.700001246440022e-10	53.9163	80.8052	0.0657585	0.208561	0	0	0	0	0	0	0	0
2.799994908159912e-10	55.0216	79.7	0.0698665	0.214613	0	0	0	0	0	0	0	0
2.9000018298800313e-10	56.0942	78.6273	0.0740565	0.220583	0	0	0	0	0	0	0	0
2.9999954915999226e-10	57.1358	77.5858	0.0783263	0.226474	0	0	0	0	0	0	0	0
3.100002413320042e-10	58.1478	76.5738	0.0826736	0.232286	0	0	0	0	0	0	0	0
3.1999960750399326e-10	59.1314	75.5902	0.087096	0.238024	0	0	0	0	0	0	0	0
3.3000029967600513e-10	60.088	74.6336	0.0915916	0.243688	0	0	0	0	0	0	0	0
3.3999966584799426e-10	61.0186	73.7029	0.0961584	0.249281	0	0	0	0	0	0	0	0
3.5000035802000613e-10	61.9245	72.7971	0.100794	0.254805	0	0	0	0	0	0	0	0
3.5999972419199526e-10	62.8066	71.9149	0.105498	0.260262	0	0	0	0	0	0	0	0
3.700004163640072e-10	63.6659	71.0556	0.110267	0.265653	0	0	0	0	0	0	0	0
3.799997825359963e-10	64.5034	70.2182	0.1151	0.27098	0	0	0	0	0	0	0	0
3.9000047470800813e-10	65.3199	69.4017	0.119995	0.276244	0	0	0	0	0	0	0	0
3.9999984087999726e-10	66.1162	68.6054	0.124952	0.281448	0	0	0	0	0	0	0	0
4.100005330520092e-10	66.8931	67.8285	0.129967	0.286593	0	0	0	0	0	0	0	0
4.1999989922399826e-10	67.6513	67.0703	0.135041	0.291679	0	0	0	0	0	0	0	0
4.3000059139601013e-10	68.3916	66.33	0.140171	0.296709	0	0	0	0	0	0	0	0
4.3999995756799926e-10	69.1146	65.607	0.145356	0.301684	0	0	0	0	0	0	0	0
4.500006497400112e-10	69.8209	64.9007	0.150595	0.306605	0	0	0	0	0	0	0	0
4.6000001591200026e-10	70.5111	64.2105	0.155886	0.311474	0	0	0	0	0	0	0	0
4.699993820839894e-10	71.1858	63.5357	0.161229	0.31629	0	0	0	0	0	0	0	0
4.800000742560013e-10	71.8456	62.8759	0.166623	0.321057	0	0	0	0	0	0	0	0
4.899994404279904e-10	72.4909	62.2306	0.172066	0.325774	0	0	0	0	0	0	0	0
5.000001326000023e-10	73.1223	61.5993	0.177556	0.330444	0	0	0	0	0	0	0	0
5.099994987719914e-10	73.7402	60.9814	0.183094	0.335066	0	0	0	0	0	0	0	0
5.200001909440033e-10	74.345	60.3765	0.188678	0.339642	0	0	0	0	0	0	0	0
5.299995571159923e-10	74.9372	59.7843	0.194307	0.344173	0	0	0	0	0	0	0	0
5.400002492880044e-10	75.5172	59.2043	0.199981	0.348659	0	0	0	0	0	0	0	0
5.499996154599934e-10	76.0854	58.6361	0.205697	0.353103	0	0	0	0	0	0	0	0
5.600003076320052e-10	76.6422	58.0794	0.211456	0.357504	0	0	0	0	0	0	0	0
5.699996738039944e-10	77.1878	57.5337	0.217257	0.361863	0	0	0	0	0	0	0	0
5.800003659760063e-10	77.7227	56.9988	0.223098	0.366182	0	0	0	0	0	0	0	0
5.899997321479954e-10	78.2472	56.4744	0.228979	0.37046	0	0	0	0	0	0	0	0
6.000004243200073e-10	78.7616	55.96	0.2349	0.3747	0	0	0	0	0	0	0	0
6.099997904919963e-10	79.2661	55.4554	0.240859	0.378901	0	0	0	0	0	0	0	0
6.200004826640084e-10	79.7612	54.9604	0.246855	0.383064	0	0	0	0	0	0	0	0
6.299998488359974e-10	80.247	54.4746	0.252889	0.387191	0	0	0	0	0	0	0	0
6.400005410080093e-10	80.7238	53.9978	0.258959	0.391281	0	0	0	0	0	0	0	0
6.499999071799984e-10	81.1919	53.5297	0.265064	0.395336	0	0	0	0	0	0	0	0
6.600005993520103e-10	81.6515	53.07	0.271205	0.399355	0	0	0	0	0	0	0	0
6.699999655239994e-10	82.1029	52.6186	0.27738	0.40334	0	0	0	0	0	0	0	0
6.800006576960113e-10	82.5463	52.1753	0.283588	0.407292	0	0	0	0	0	0	0	0
6.900000238680004e-10	82.9819	51.7397	0.28983	0.41121	0	0	0	0	0	0	0	0
6.999993900399895e-10	83.4099	51.3117	0.296104	0.415096	0	0	0	0	0	0	0	0
7.100000822120014e-10	83.8305	50.8911	0.30241	0.41895	0	0	0	0	0	0	0	0
7.199994483839905e-10	84.2439	50.4776	0.308748	0.422772	0	0	0	0	0	0	0	0
7.300001405560024e-10	84.6504	50.0712	0.315117	0.426563	0	0	0	0	0	0	0	0
7.399995067279916e-10	85.05	49.6715	0.321516	0.430324	0	0	0	0	0	0	0	0
7.500001989000034e-10	85.443	49.2785	0.327944	0.434055	0	0	0	0	0	0	0	0
7.599995650719926e-10	85.8295	48.892	0.334403	0.437757	0	0	0	0	0	0	0	0
7.700002572440044e-10	86.2098	48.5118	0.34089	0.44143	0	0	0	0	0	0	0	0
7.799996234159935e-10	86.5838	48.1377	0.347406	0.445074	0	0	0	0	0	0	0	0
7.900003155880055e-10	86.9519	47.7696	0.353949	0.448691	0	0	0	0	0	0	0	0
7.999996817599945e-10	87.3142	47.4074	0.36052	0.452279	0	0	0	0	0	0	0	0
8.100003739320063e-10	87.6707	47.0509	0.367119	0.455841	0	0	0	0	0	0	0	0
8.199997401039956e-10	88.0217	46.6999	0.373743	0.459376	0	0	0	0	0	0	0	0
8.300004322760074e-10	88.3672	46.3544	0.380395	0.462885	0	0	0	0	0	0	0	0
8.399997984479965e-10	88.7074	46.0141	0.387072	0.466368	0	0	0	0	0	0	0	0
8.500004906200084e-10	89.0425	45.6791	0.393774	0.469825	0	0	0	0	0	0	0	0
8.599998567919975e-10	89.3725	45.3491	0.400502	0.473258	0	0	0	0	0	0	0	0
8.700005489640095e-10	89.6975	45.024	0.407254	0.476666	0	0	0	0	0	0	0	0
8.799999151359985e-10	90.0178	44.7038	0.414031	0.480049	0	0	0	0	0	0	0	0
8.900006073080104e-10	90.3333	44.3883	0.420831	0.483408	0	0	0	0	0	0	0	0
8.999999734799996e-10	90.6442	44.0774	0.427656	0.486744	0	0	0	0	0	0	0	0
9.100006656520114e-10	90.9506	43.771	0.434503	0.490057	0	0	0	0	0	0	0	0
9.200000318240005e-10	91.2526	43.469	0.441374	0.493346	0	0	0	0	0	0	0	0
9.299993979959896e-10	91.5502	43.1713	0.448267	0.496613	0	0	0	0	0	0	0	0
9.400000901680015e-10	91.8437	42.8779	0.455182	0.499858	0	0	0	0	0	0	0	0
9.499994563399906e-10	92.133	42.5885	0.462119	0.503081	0	0	0	0	0	0	0	0
9.600001485120026e-10	92.4183	42.3032	0.469078	0.506282	0	0	0	0	0	0	0	0
9.699995146839915e-10	92.6997	42.0219	0.476059	0.509461	0	0	0	0	0	0	0	0
9.800002068560036e-10	92.9772	41.7444	0.48306	0.51262	0	0	0	0	0	0	0	0
9.899995730279927e-10	93.2509	41.4707	0.490082	0.515758	0	0	0	0	0	0	0	0
1.0000002652000045e-09	93.5209	41.2007	0.497125	0.518875	0	0	0	0	0	0	0	0
1.0099996313719936e-09	93.7873	40.9343	0.504188	0.521972	0	0	0	0	0	0	0	0
1.0200003235440055e-09	94.0501	40.6715	0.511271	0.525049	0	0	0	0	0	0	0	0
1.0299996897159946e-09	94.3094	40.4121	0.518373	0.528106	0	0	0	0	0	0	0	0
1.0400003818880066e-09	94.5653	40.1562	0.525495	0.531144	0	0	0	0	0	0	0	0
1.0499997480599957e-09	94.8179	39.9036	0.532636	0.534163	0	0	0	0	0	0	0	0
1.0600004402320076e-09	95.0672	39.6543	0.539796	0.537163	0	0	0	0	0	0	0	0
1.0699998064039965e-09	95.3133	39.4082	0.546975	0.540144	0	0	0	0	0	0	0	0
1.0800004985760087e-09	95.5563	39.1653	0.554172	0.543107	0	0	0	0	0	0	0	0
1.0899998647479976e-09	95.7961	38.9254	0.561388	0.546052	0	0	0	0	0	0	0	0
1.1000005569200097e-09	96.033	38.6886	0.568621	0.548978	0	0	0	0	0	0	0	0
1.1099999230919986e-09	96.2669	38.4547	0.575872	0.551887	0	0	0	0	0	0	0	0
1.1200006152640104e-09	96.4978	38.2237	0.583141	0.554779	0	0	0	0	0	0	0	0
1.1299999814359998e-09	96.7259	37.9956	0.590427	0.557653	0	0	0	0	0	0	0	0
1.1400006736080116e-09	96.9513	37.7703	0.59773	0.56051	0	0	0	0	0	0	0	0
1.1500000397800007e-09	97.1738	37.5477	0.60505	0.56335	0	0	0	0	0	0	0	0
1.1599994059519898e-09	97.3937	37.3279	0.612387	0.566173	0	0	0	0	0	0	0	0
1.1700000981240016e-09	97.6109	37.1107	0.61974	0.56898	0	0	0	0	0	0	0	0
1.1799994642959908e-09	97.8255	36.896	0.627109	0.57177	0	0	0	0	0	0	0	0
1.1900001564680028e-09	98.0376	36.684	0.634495	0.574545	0	0	0	0	0	0	0	0
1.199999522639992e-09	98.2472	36.4744	0.641896	0.577303	0	0	0	0	0	0	0	0
1.2100002148120038e-09	98.4543	36.2673	0.649313	0.580046	0	0	0	0	0	0	0	0
1.2199995809839927e-09	98.659	36.0626	0.656746	0.582774	0	0	0	0	0	0	0	0
1.2300002731560047e-09	98.8613	35.8603	0.664194	0.585486	0	0	0	0	0	0	0	0
1.2399996393279938e-09	99.0613	35.6603	0.671657	0.588183	0	0	0	0	0	0	0	0
1.2500003315000059e-09	99.259	35.4626	0.679135	0.590864	0	0	0	0	0	0	0	0
1.2599996976719948e-09	99.4544	35.2671	0.686628	0.593531	0	0	0	0	0	0	0	0
1.2700003898440066e-09	99.6477	35.0739	0.694136	0.596184	0	0	0	0	0	0	0	0
1.2799997560159957e-09	99.8387	34.8828	0.701658	0.598822	0	0	0	0	0	0	0	0
1.2900004481880075e-09	100.028	34.6939	0.709194	0.601445	0	0	0	0	0	0	0	0
1.2999998143599969e-09	100.215	34.507	0.716745	0.604055	0	0	0	0	0	0	0	0
1.3100005065320087e-09	100.399	34.3223	0.72431	0.60665	0	0	0	0	0	0	0	0
1.3199998727039978e-09	100.582	34.1395	0.731888	0.609231	0	0	0	0	0	0	0	0
1.3300045428760782e-09	100.763	33.9588	0.73948	0.611799	0	0	0	0	0	0	0	0
1.3400025830480444e-09	100.942	33.78	0.747086	0.614353	0	0	0	0	0	0	0	0
1.3500006232200108e-09	101.118	33.6031	0.754705	0.616894	0	0	0	0	0	0	0	0
1.359998663391977e-09	101.293	33.4281	0.762338	0.619422	0	0	0	0	0	0	0	0
1.3699967035639435e-09	101.467	33.255	0.769983	0.621936	0	0	0	0	0	0	0	0
1.3799947437359097e-09	101.638	33.0837	0.777642	0.624438	0	0	0	0	0	0	0	0
1.390006043908104e-09	101.807	32.9143	0.785313	0.626926	0	0	0	0	0	0	0	0
1.4000040840800703e-09	101.975	32.7466	0.792997	0.629402	0	0	0	0	0	0	0	0
1.4100021242520366e-09	102.141	32.5807	0.800694	0.631865	0	0	0	0	0	0	0	0
1.4200001644240028e-09	102.305	32.4164	0.808403	0.634316	0	0	0	0	0	0	0	0
1.4299982045959692e-09	102.468	32.2539	0.816125	0.636755	0	0	0	0	0	0	0	0
1.4399962447679354e-09	102.629	32.093	0.823858	0.639181	0	0	0	0	0	0	0	0
1.4499942849399016e-09	102.788	31.9338	0.831604	0.641596	0	0	0	0	0	0	0	0
1.460005585112096e-09	102.945	31.7762	0.839362	0.643998	0	0	0	0	0	0	0	0
1.4700036252840623e-09	103.101	31.6202	0.847131	0.646388	0	0	0	0	0	0	0	0
1.4800016654560287e-09	103.256	31.4657	0.854912	0.648767	0	0	0	0	0	0	0	0
1.489999705627995e-09	103.409	31.3128	0.862705	0.651134	0	0	0	0	0	0	0	0
1.4999977457999612e-09	103.56	31.1614	0.870509	0.65349	0	0	0	0	0	0	0	0
1.5099957859719274e-09	103.71	31.0115	0.878325	0.655834	0	0	0	0	0	0	0	0
1.5199938261438936e-09	103.858	30.8631	0.886152	0.658168	0	0	0	0	0	0	0	0
1.5300051263160883e-09	104.005	30.7161	0.89399	0.66049	0	0	0	0	0	0	0	0
1.5400031664880545e-09	104.151	30.5706	0.901839	0.662801	0	0	0	0	0	0	0	0
1.5500012066600207e-09	104.295	30.4264	0.909699	0.665101	0	0	0	0	0	0	0	0
1.559999246831987e-09	104.438	30.2837	0.91757	0.66739	0	0	0	0	0	0	0	0
1.5699972870039531e-09	104.579	30.1423	0.925451	0.669668	0	0	0	0	0	0	0	0
1.5799953271759198e-09	104.719	30.0023	0.933343	0.671936	0	0	0	0	0	0	0	0
1.590006627348114e-09	104.858	29.8636	0.941246	0.674194	0	0	0	0	0	0	0	0
1.6000046675200802e-09	104.995	29.7262	0.949159	0.67644	0	0	0	0	0	0	0	0
1.6100027076920465e-09	105.132	29.59	0.957082	0.678677	0	0	0	0	0	0	0	0
1.6200007478640127e-09	105.266	29.4552	0.965016	0.680904	0	0	0	0	0	0	0	0
1.6299987880359793e-09	105.4	29.3216	0.97296	0.68312	0	0	0	0	0	0	0	0
1.6399968282079455e-09	105.532	29.1893	0.980913	0.685326	0	0	0	0	0	0	0	0
1.6499948683799118e-09	105.663	29.0581	0.988877	0.687523	0	0	0	0	0	0	0	0
1.660006168552106e-09	105.793	28.9282	0.99685	0.689709	0	0	0	0	0	0	0	0
1.6700042087240722e-09	105.922	28.7994	1.00483	0.691886	0	0	0	0	0	0	0	0
1.6800022488960388e-09	106.05	28.6718	1.01283	0.694053	0	0	0	0	0	0	0	0
1.690000289068005e-09	106.176	28.5454	1.02083	0.69621	0	0	0	0	0	0	0	0
1.6999983292399713e-09	106.301	28.4201	1.02884	0.698358	0	0	0	0	0	0	0	0
1.7099963694119375e-09	106.426	28.2959	1.03686	0.700497	0	0	0	0	0	0	0	0
1.7199944095839037e-09	106.549	28.1729	1.04489	0.702626	0	0	0	0	0	0	0	0
1.7300057097560984e-09	106.671	28.0509	1.05293	0.704746	0	0	0	0	0	0	0	0
1.7400037499280646e-09	106.792	27.93	1.06098	0.706857	0	0	0	0	0	0	0	0
1.7500017901000308e-09	106.911	27.8101	1.06904	0.708959	0	0	0	0	0	0	0	0
1.759999830271997e-09	107.03	27.6913	1.07711	0.711052	0	0	0	0	0	0	0	0
1.7699978704439633e-09	107.148	27.5736	1.08518	0.713136	0	0	0	0	0	0	0	0
1.7799959106159297e-09	107.265	27.4568	1.09327	0.715211	0	0	0	0	0	0	0	0
1.789993950787896e-09	107.38	27.3411	1.10136	0.717277	0	0	0	0	0	0	0	0
1.8000052509600903e-09	107.495	27.2263	1.10946	0.719335	0	0	0	0	0	0	0	0
1.8100032911320566e-09	107.609	27.1126	1.11758	0.721384	0	0	0	0	0	0	0	0
1.8200013313040228e-09	107.722	26.9998	1.1257	0.723424	0	0	0	0	0	0	0	0
1.8299993714759892e-09	107.834	26.8879	1.13382	0.725456	0	0	0	0	0	0	0	0
1.8399974116479554e-09	107.945	26.777	1.14196	0.72748	0	0	0	0	0	0	0	0
1.8499954518199217e-09	108.054	26.6671	1.1501	0.729495	0	0	0	0	0	0	0	0
1.859993491991888e-09	108.164	26.558	1.15826	0.731502	0	0	0	0	0	0	0	0
1.8700047921640823e-09	108.272	26.4499	1.16642	0.733501	0	0	0	0	0	0	0	0
1.8800028323360487e-09	108.379	26.3426	1.17459	0.735491	0	0	0	0	0	0	0	0
1.8900008725080148e-09	108.485	26.2362	1.18277	0.737474	0	0	0	0	0	0	0	0
1.899998912679981e-09	108.591	26.1308	1.19095	0.739448	0	0	0	0	0	0	0	0
1.9099969528519476e-09	108.695	26.0261	1.19914	0.741415	0	0	0	0	0	0	0	0
1.919994993023914e-09	108.799	25.9223	1.20735	0.743374	0	0	0	0	0	0	0	0
1.9300062931961083e-09	108.902	25.8194	1.21555	0.745325	0	0	0	0	0	0	0	0
1.9400043333680743e-09	109.004	25.7173	1.22377	0.747268	0	0	0	0	0	0	0	0
1.9500023735400407e-09	109.106	25.616	1.232	0.749204	0	0	0	0	0	0	0	0
1.960000413712007e-09	109.206	25.5155	1.24023	0.751132	0	0	0	0	0	0	0	0
1.9699984538839736e-09	109.306	25.4159	1.24847	0.753052	0	0	0	0	0	0	0	0
1.9799964940559396e-09	109.405	25.317	1.25671	0.754965	0	0	0	0	0	0	0	0
1.989994534227906e-09	109.503	25.2189	1.26497	0.756871	0	0	0	0	0	0	0	0
2.0000058344001002e-09	109.6	25.1216	1.27323	0.758769	0	0	0	0	0	0	0	0
2.0100038745720667e-09	109.697	25.025	1.2815	0.76066	0	0	0	0	0	0	0	0
2.020001914744033e-09	109.792	24.9292	1.28978	0.762544	0	0	0	0	0	0	0	0
2.029999954915999e-09	109.887	24.8341	1.29806	0.76442	0	0	0	0	0	0	0	0
2.0399979950879655e-09	109.982	24.7398	1.30635	0.76629	0	0	0	0	0	0	0	0
2.049996035259932e-09	110.075	24.6462	1.31465	0.768152	0	0	0	0	0	0	0	0
2.059994075431898e-09	110.168	24.5533	1.32295	0.770007	0	0	0	0	0	0	0	0
2.0700053756040926e-09	110.26	24.4612	1.33126	0.771855	0	0	0	0	0	0	0	0
2.0800034157760586e-09	110.352	24.3697	1.33958	0.773696	0	0	0	0	0	0	0	0
2.090001455948025e-09	110.443	24.2789	1.34791	0.775531	0	0	0	0	0	0	0	0
2.0999994961199915e-09	110.533	24.1888	1.35624	0.777358	0	0	0	0	0	0	0	0
2.1099975362919575e-09	110.622	24.0994	1.36458	0.779179	0	0	0	0	0	0	0	0
2.119995576463924e-09	110.711	24.0107	1.37293	0.780993	0	0	0	0	0	0	0	0
2.12999361663589e-09	110.799	23.9226	1.38128	0.782801	0	0	0	0	0	0	0	0
2.140004916808084e-09	110.886	23.8352	1.38964	0.784602	0	0	0	0	0	0	0	0
2.150002956980051e-09	110.973	23.7485	1.398	0.786396	0	0	0	0	0	0	0	0
2.1600009971520175e-09	111.059	23.6623	1.40638	0.788184	0	0	0	0	0	0	0	0
2.1699990373239835e-09	111.145	23.5768	1.41475	0.789965	0	0	0	0	0	0	0	0
2.17999707749595e-09	111.23	23.492	1.42314	0.79174	0	0	0	0	0	0	0	0
2.189995117667916e-09	111.314	23.4077	1.43153	0.793508	0	0	0	0	0	0	0	0
2.2000064178401106e-09	111.397	23.3241	1.43993	0.79527	0	0	0	0	0	0	0	0
2.2100044580120766e-09	111.48	23.2411	1.44833	0.797026	0	0	0	0	0	0	0	0
2.220002498184043e-09	111.563	23.1587	1.45674	0.798776	0	0	0	0	0	0	0	0
2.230000538356009e-09	111.645	23.0768	1.46516	0.800519	0	0	0	0	0	0	0	0
2.2399985785279754e-09	111.726	22.9956	1.47358	0.802256	0	0	0	0	0	0	0	0
2.249996618699942e-09	111.807	22.915	1.48201	0.803988	0	0	0	0	0	0	0	0
2.259994658871908e-09	111.887	22.8349	1.49045	0.805713	0	0	0	0	0	0	0	0
2.2700059590441025e-09	111.966	22.7554	1.49889	0.807432	0	0	0	0	0	0	0	0
2.280003999216069e-09	112.045	22.6764	1.50733	0.809145	0	0	0	0	0	0	0	0
2.290002039388035e-09	112.124	22.598	1.51579	0.810852	0	0	0	0	0	0	0	0
2.3000000795600014e-09	112.201	22.5202	1.52425	0.812553	0	0	0	0	0	0	0	0
2.309998119731968e-09	112.279	22.4429	1.53271	0.814249	0	0	0	0	0	0	0	0
2.319996159903934e-09	112.355	22.3661	1.54118	0.815938	0	0	0	0	0	0	0	0
2.3299942000759003e-09	112.432	22.2899	1.54966	0.817622	0	0	0	0	0	0	0	0
2.3400055002480945e-09	112.507	22.2142	1.55814	0.8193	0	0	0	0	0	0	0	0
2.3500035404200605e-09	112.583	22.139	1.56663	0.820973	0	0	0	0	0	0	0	0
2.360001580592027e-09	112.657	22.0643	1.57512	0.82264	0	0	0	0	0	0	0	0
2.3699996207639938e-09	112.731	21.9902	1.58362	0.824301	0	0	0	0	0	0	0	0
2.37999766093596e-09	112.805	21.9165	1.59212	0.825956	0	0	0	0	0	0	0	0
2.3899957011079262e-09	112.878	21.8434	1.60063	0.827606	0	0	0	0	0	0	0	0
2.3999937412798926e-09	112.951	21.7707	1.60915	0.829251	0	0	0	0	0	0	0	0
2.410005041452087e-09	113.023	21.6986	1.61767	0.83089	0	0	0	0	0	0	0	0
2.420003081624053e-09	113.095	21.6269	1.6262	0.832524	0	0	0	0	0	0	0	0
2.4300011217960193e-09	113.166	21.5557	1.63473	0.834152	0	0	0	0	0	0	0	0
2.4399991619679853e-09	113.237	21.485	1.64326	0.835775	0	0	0	0	0	0	0	0
2.4499972021399518e-09	113.307	21.4148	1.65181	0.837393	0	0	0	0	0	0	0	0
2.459995242311918e-09	113.377	21.345	1.66035	0.839005	0	0	0	0	0	0	0	0
2.470006542484113e-09	113.446	21.2757	1.66891	0.840612	0	0	0	0	0	0	0	0
2.480004582656079e-09	113.515	21.2068	1.67747	0.842214	0	0	0	0	0	0	0	0
2.4900026228280453e-09	113.583	21.1384	1.68603	0.843811	0	0	0	0	0	0	0	0
2.5000006630000117e-09	113.651	21.0705	1.6946	0.845402	0	0	0	0	0	0	0	0
2.5099987031719777e-09	113.719	21.003	1.70317	0.846989	0	0	0	0	0	0	0	0
2.519996743343944e-09	113.786	20.9359	1.71175	0.84857	0	0	0	0	0	0	0	0
2.52999478351591e-09	113.852	20.8693	1.72033	0.850147	0	0	0	0	0	0	0	0
2.5400060836881044e-09	113.918	20.8031	1.72892	0.851718	0	0	0	0	0	0	0	0
2.550004123860071e-09	113.984	20.7373	1.73751	0.853284	0	0	0	0	0	0	0	0
2.5600021640320373e-09	114.05	20.6719	1.74611	0.854846	0	0	0	0	0	0	0	0
2.5700002042040033e-09	114.115	20.607	1.75472	0.856402	0	0	0	0	0	0	0	0
2.5799982443759697e-09	114.179	20.5425	1.76333	0.857954	0	0	0	0	0	0	0	0
2.5899962845479357e-09	114.243	20.4784	1.77194	0.859501	0	0	0	0	0	0	0	0
2.5999943247199025e-09	114.307	20.4147	1.78056	0.861043	0	0	0	0	0	0	0	0
2.6100056248920968e-09	114.37	20.3514	1.78918	0.86258	0	0	0	0	0	0	0	0
2.6200036650640632e-09	114.433	20.2885	1.79781	0.864112	0	0	0	0	0	0	0	0
2.6300017052360292e-09	114.496	20.226	1.80644	0.86564	0	0	0	0	0	0	0	0
2.6399997454079957e-09	114.558	20.1638	1.81508	0.867163	0	0	0	0	0	0	0	0
2.649997785579962e-09	114.619	20.1021	1.82372	0.868681	0	0	0	0	0	0	0	0
2.659995825751928e-09	114.681	20.0408	1.83236	0.870195	0	0	0	0	0	0	0	0
2.6699938659238945e-09	114.742	19.9798	1.84102	0.871704	0	0	0	0	0	0	0	0
2.6800051660960888e-09	114.802	19.9192	1.84967	0.873209	0	0	0	0	0	0	0	0
2.6900032062680548e-09	114.863	19.859	1.85833	0.874708	0	0	0	0	0	0	0	0
2.7000012464400216e-09	114.922	19.7992	1.867	0.876204	0	0	0	0	0	0	0	0
2.709999286611988e-09	114.982	19.7397	1.87566	0.877695	0	0	0	0	0	0	0	0
2.719997326783954e-09	115.041	19.6806	1.88434	0.879181	0	0	0	0	0	0	0	0
2.7299953669559205e-09	115.1	19.6219	1.89302	0.880663	0	0	0	0	0	0	0	0
2.7400066671281147e-09	115.158	19.5635	1.9017	0.882141	0	0	0	0	0	0	0	0
2.750004707300081e-09	115.216	19.5054	1.91039	0.883614	0	0	0	0	0	0	0	0
2.760002747472047e-09	115.274	19.4477	1.91908	0.885083	0	0	0	0	0	0	0	0
2.7700007876440136e-09	115.331	19.3904	1.92777	0.886547	0	0	0	0	0	0	0	0
2.7799988278159796e-09	115.388	19.3334	1.93647	0.888007	0	0	0	0	0	0	0	0
2.789996867987946e-09	115.445	19.2768	1.94518	0.889463	0	0	0	0	0	0	0	0
2.7999949081599124e-09	115.501	19.2204	1.95388	0.890915	0	0	0	0	0	0	0	0
2.810006208332107e-09	115.557	19.1645	1.9626	0.892362	0	0	0	0	0	0	0	0
2.820004248504073e-09	115.613	19.1088	1.97131	0.893806	0	0	0	0	0	0	0	0
2.8300022886760395e-09	115.668	19.0535	1.98003	0.895245	0	0	0	0	0	0	0	0
2.8400003288480056e-09	115.723	18.9985	1.98876	0.896679	0	0	0	0	0	0	0	0
2.849998369019972e-09	115.778	18.9438	1.99749	0.89811	0	0	0	0	0	0	0	0
2.8599964091919384e-09	115.832	18.8895	2.00622	0.899537	0	0	0	0	0	0	0	0
2.8699944493639044e-09	115.886	18.8354	2.01496	0.900959	0	0	0	0	0	0	0	0
2.8800057495360987e-09	115.94	18.7817	2.0237	0.902378	0	0	0	0	0	0	0	0
2.890003789708065e-09	115.993	18.7283	2.03245	0.903792	0	0	0	0	0	0	0	0
2.9000018298800315e-09	116.046	18.6752	2.0412	0.905202	0	0	0	0	0	0	0	0
2.9099998700519975e-09	116.099	18.6224	2.04995	0.906609	0	0	0	0	0	0	0	0
2.919997910223964e-09	116.152	18.5699	2.05871	0.908011	0	0	0	0	0	0	0	0
2.9299959503959304e-09	116.204	18.5178	2.06747	0.90941	0	0	0	0	0	0	0	0
2.939993990567897e-09	116.256	18.4659	2.07623	0.910804	0	0	0	0	0	0	0	0
2.950005290740091e-09	116.307	18.4143	2.085	0.912195	0	0	0	0	0	0	0	0
2.9600033309120575e-09	116.359	18.363	2.09378	0.913582	0	0	0	0	0	0	0	0
2.9700013710840235e-09	116.41	18.312	2.10255	0.914965	0	0	0	0	0	0	0	0
2.97999941125599e-09	116.46	18.2613	2.11134	0.916344	0	0	0	0	0	0	0	0
2.989997451427956e-09	116.511	18.2109	2.12012	0.917719	0	0	0	0	0	0	0	0
2.9999954915999223e-09	116.561	18.1607	2.12891	0.91909	0	0	0	0	0	0	0	0
3.0099935317718888e-09	116.611	18.1109	2.1377	0.920458	0	0	0	0	0	0	0	0
3.020004831944083e-09	116.66	18.0613	2.1465	0.921822	0	0	0	0	0	0	0	0
3.0300028721160494e-09	116.71	18.012	2.1553	0.923182	0	0	0	0	0	0	0	0
3.040000912288016e-09	116.759	17.9629	2.1641	0.924539	0	0	0	0	0	0	0	0
3.0499989524599823e-09	116.807	17.9142	2.17291	0.925892	0	0	0	0	0	0	0	0
3.0599969926319483e-09	116.856	17.8657	2.18172	0.927241	0	0	0	0	0	0	0	0
3.0699950328039147e-09	116.904	17.8175	2.19053	0.928586	0	0	0	0	0	0	0	0
3.080006332976109e-09	116.952	17.7695	2.19935	0.929928	0	0	0	0	0	0	0	0
3.090004373148075e-09	117.0	17.7218	2.20817	0.931267	0	0	0	0	0	0	0	0
3.1000024133200414e-09	117.047	17.6744	2.217	0.932601	0	0	0	0	0	0	0	0
3.110000453492008e-09	117.094	17.6272	2.22583	0.933932	0	0	0	0	0	0	0	0
3.119998493663974e-09	117.141	17.5803	2.23466	0.93526	0	0	0	0	0	0	0	0
3.1299965338359403e-09	117.188	17.5337	2.2435	0.936584	0	0	0	0	0	0	0	0
3.1399945740079063e-09	117.234	17.4873	2.25233	0.937905	0	0	0	0	0	0	0	0
3.1500058741801014e-09	117.28	17.4411	2.26118	0.939222	0	0	0	0	0	0	0	0
3.1600039143520674e-09	117.326	17.3952	2.27002	0.940535	0	0	0	0	0	0	0	0
3.170001954524034e-09	117.372	17.3495	2.27887	0.941845	0	0	0	0	0	0	0	0
3.179999994696e-09	117.417	17.3041	2.28773	0.943152	0	0	0	0	0	0	0	0
3.1899980348679662e-09	117.463	17.259	2.29658	0.944455	0	0	0	0	0	0	0	0
3.1999960750399327e-09	117.508	17.214	2.30544	0.945755	0	0	0	0	0	0	0	0
3.2099941152118987e-09	117.552	17.1693	2.31431	0.947052	0	0	0	0	0	0	0	0
3.220005415384093e-09	117.597	17.1249	2.32317	0.948345	0	0	0	0	0	0	0	0
3.2300034555560593e-09	117.641	17.0807	2.33204	0.949635	0	0	0	0	0	0	0	0
3.2400014957280254e-09	117.685	17.0367	2.34092	0.950921	0	0	0	0	0	0	0	0
3.249999535899992e-09	117.729	16.9929	2.34979	0.952204	0	0	0	0	0	0	0	0
3.2599975760719586e-09	117.772	16.9494	2.35867	0.953484	0	0	0	0	0	0	0	0
3.2699956162439246e-09	117.815	16.9061	2.36756	0.954761	0	0	0	0	0	0	0	0
3.279993656415891e-09	117.859	16.863	2.37644	0.956034	0	0	0	0	0	0	0	0
3.2900049565880853e-09	117.901	16.8202	2.38533	0.957304	0	0	0	0	0	0	0	0
3.3000029967600517e-09	117.944	16.7776	2.39423	0.958571	0	0	0	0	0	0	0	0
3.3100010369320177e-09	117.986	16.7352	2.40312	0.959835	0	0	0	0	0	0	0	0
3.319999077103984e-09	118.029	16.693	2.41202	0.961095	0	0	0	0	0	0	0	0
3.32999711727595e-09	118.071	16.651	2.42093	0.962353	0	0	0	0	0	0	0	0
3.3399951574479166e-09	118.112	16.6093	2.42983	0.963607	0	0	0	0	0	0	0	0
3.3500064576201113e-09	118.154	16.5678	2.43874	0.964858	0	0	0	0	0	0	0	0
3.3600044977920777e-09	118.195	16.5264	2.44765	0.966106	0	0	0	0	0	0	0	0
3.3700025379640437e-09	118.236	16.4853	2.45657	0.96735	0	0	0	0	0	0	0	0
3.38000057813601e-09	118.277	16.4444	2.46549	0.968592	0	0	0	0	0	0	0	0
3.389998618307976e-09	118.318	16.4037	2.47441	0.969831	0	0	0	0	0	0	0	0
3.3999966584799426e-09	118.358	16.3633	2.48333	0.971066	0	0	0	0	0	0	0	0
3.409994698651909e-09	118.399	16.323	2.49226	0.972299	0	0	0	0	0	0	0	0
3.4200059988241032e-09	118.439	16.2829	2.50119	0.973528	0	0	0	0	0	0	0	0
3.4300040389960692e-09	118.479	16.243	2.51012	0.974755	0	0	0	0	0	0	0	0
3.4400020791680357e-09	118.518	16.2034	2.51906	0.975978	0	0	0	0	0	0	0	0
3.450000119340002e-09	118.558	16.1639	2.528	0.977199	0	0	0	0	0	0	0	0
3.459998159511968e-09	118.597	16.1246	2.53694	0.978416	0	0	0	0	0	0	0	0
3.4699961996839345e-09	118.636	16.0855	2.54589	0.979631	0	0	0	0	0	0	0	0
3.479994239855901e-09	118.675	16.0466	2.55484	0.980842	0	0	0	0	0	0	0	0
3.490005540028095e-09	118.714	16.0079	2.56379	0.982051	0	0	0	0	0	0	0	0
3.5000035802000616e-09	118.752	15.9694	2.57274	0.983257	0	0	0	0	0	0	0	0
3.510001620372028e-09	118.79	15.9311	2.5817	0.98446	0	0	0	0	0	0	0	0
3.519999660543994e-09	118.829	15.893	2.59066	0.98566	0	0	0	0	0	0	0	0
3.5299977007159605e-09	118.867	15.855	2.59962	0.986857	0	0	0	0	0	0	0	0
3.5399957408879265e-09	118.904	15.8173	2.60859	0.988051	0	0	0	0	0	0	0	0
3.549993781059893e-09	118.942	15.7797	2.61756	0.989243	0	0	0	0	0	0	0	0
3.560005081232087e-09	118.979	15.7423	2.62653	0.990431	0	0	0	0	0	0	0	0
3.5700031214040536e-09	119.016	15.7051	2.6355	0.991617	0	0	0	0	0	0	0	0
3.58000116157602e-09	119.053	15.6681	2.64448	0.9928	0	0	0	0	0	0	0	0
3.5899992017479865e-09	119.09	15.6313	2.65346	0.99398	0	0	0	0	0	0	0	0
3.599997241919953e-09	119.127	15.5946	2.66244	0.995158	0	0	0	0	0	0	0	0
3.609995282091919e-09	119.163	15.5581	2.67143	0.996332	0	0	0	0	0	0	0	0
3.620006582264113e-09	119.2	15.5218	2.68041	0.997504	0	0	0	0	0	0	0	0
3.6300046224360796e-09	119.236	15.4857	2.68941	0.998674	0	0	0	0	0	0	0	0
3.6400026626080456e-09	119.272	15.4497	2.6984	0.99984	0	0	0	0	0	0	0	0
3.650000702780012e-09	119.308	15.4139	2.7074	1.001	0	0	0	0	0	0	0	0
3.6599987429519784e-09	119.343	15.3783	2.71639	1.00216	0	0	0	0	0	0	0	0
3.6699967831239444e-09	119.379	15.3428	2.7254	1.00332	0	0	0	0	0	0	0	0
3.679994823295911e-09	119.414	15.3075	2.7344	1.00448	0	0	0	0	0	0	0	0
3.6900061234681055e-09	119.449	15.2724	2.74341	1.00563	0	0	0	0	0	0	0	0
3.700004163640072e-09	119.484	15.2375	2.75242	1.00678	0	0	0	0	0	0	0	0
3.710002203812038e-09	119.519	15.2027	2.76143	1.00793	0	0	0	0	0	0	0	0
3.7200002439840044e-09	119.553	15.1681	2.77044	1.00908	0	0	0	0	0	0	0	0
3.72999828415597e-09	119.588	15.1336	2.77946	1.01022	0	0	0	0	0	0	0	0
3.739996324327936e-09	119.622	15.0993	2.78848	1.01136	0	0	0	0	0	0	0	0
3.749994364499903e-09	119.656	15.0652	2.7975	1.0125	0	0	0	0	0	0	0	0
3.7600056646720975e-09	119.69	15.0312	2.80653	1.01363	0	0	0	0	0	0	0	0
3.7700037048440635e-09	119.724	14.9973	2.81556	1.01476	0	0	0	0	0	0	0	0
3.7800017450160295e-09	119.758	14.9637	2.82459	1.01589	0	0	0	0	0	0	0	0
3.789999785187996e-09	119.791	14.9302	2.83362	1.01702	0	0	0	0	0	0	0	0
3.799997825359962e-09	119.825	14.8968	2.84265	1.01814	0	0	0	0	0	0	0	0
3.809995865531929e-09	119.858	14.8636	2.85169	1.01927	0	0	0	0	0	0	0	0
3.819993905703895e-09	119.891	14.8306	2.86073	1.02039	0	0	0	0	0	0	0	0
3.8300052058760895e-09	119.924	14.7977	2.86978	1.0215	0	0	0	0	0	0	0	0
3.8400032460480555e-09	119.957	14.7649	2.87882	1.02262	0	0	0	0	0	0	0	0
3.850001286220022e-09	119.989	14.7323	2.88787	1.02373	0	0	0	0	0	0	0	0
3.859999326391988e-09	120.022	14.6998	2.89692	1.02484	0	0	0	0	0	0	0	0
3.869997366563954e-09	120.054	14.6675	2.90597	1.02595	0	0	0	0	0	0	0	0
3.879995406735921e-09	120.086	14.6354	2.91503	1.02705	0	0	0	0	0	0	0	0
3.8900067069081154e-09	120.118	14.6034	2.92408	1.02816	0	0	0	0	0	0	0	0
3.9000047470800814e-09	120.15	14.5715	2.93314	1.02926	0	0	0	0	0	0	0	0
3.910002787252048e-09	120.182	14.5398	2.94221	1.03035	0	0	0	0	0	0	0	0
3.920000827424014e-09	120.213	14.5082	2.95127	1.03145	0	0	0	0	0	0	0	0
3.92999886759598e-09	120.245	14.4768	2.96034	1.03254	0	0	0	0	0	0	0	0
3.939996907767947e-09	120.276	14.4455	2.96941	1.03363	0	0	0	0	0	0	0	0
3.949994947939913e-09	120.307	14.4143	2.97848	1.03472	0	0	0	0	0	0	0	0
3.960006248112107e-09	120.338	14.3833	2.98755	1.03581	0	0	0	0	0	0	0	0
3.970004288284073e-09	120.369	14.3524	2.99663	1.03689	0	0	0	0	0	0	0	0
3.98000232845604e-09	120.4	14.3216	3.00571	1.03797	0	0	0	0	0	0	0	0
3.990000368628006e-09	120.431	14.291	3.01479	1.03905	0	0	0	0	0	0	0	0
3.999998408799972e-09	120.461	14.2606	3.02387	1.04013	0	0	0	0	0	0	0	0
4.009996448971939e-09	120.491	14.2302	3.03296	1.0412	0	0	0	0	0	0	0	0
4.019994489143905e-09	120.522	14.2	3.04205	1.04227	0	0	0	0	0	0	0	0
4.030005789316099e-09	120.552	14.1699	3.05114	1.04334	0	0	0	0	0	0	0	0
4.040003829488066e-09	120.582	14.14	3.06023	1.04441	0	0	0	0	0	0	0	0
4.050001869660032e-09	120.611	14.1102	3.06932	1.04547	0	0	0	0	0	0	0	0
4.059999909831998e-09	120.641	14.0805	3.07842	1.04654	0	0	0	0	0	0	0	0
4.069997950003965e-09	120.671	14.0509	3.08752	1.0476	0	0	0	0	0	0	0	0
4.079995990175931e-09	120.7	14.0215	3.09662	1.04866	0	0	0	0	0	0	0	0
4.089994030347897e-09	120.729	13.9922	3.10573	1.04971	0	0	0	0	0	0	0	0
4.100005330520091e-09	120.759	13.963	3.11483	1.05077	0	0	0	0	0	0	0	0
4.110003370692058e-09	120.788	13.934	3.12394	1.05182	0	0	0	0	0	0	0	0
4.120001410864024e-09	120.816	13.9051	3.13305	1.05287	0	0	0	0	0	0	0	0
4.12999945103599e-09	120.845	13.8763	3.14216	1.05392	0	0	0	0	0	0	0	0
4.139997491207957e-09	120.874	13.8476	3.15128	1.05496	0	0	0	0	0	0	0	0
4.149995531379923e-09	120.903	13.819	3.16039	1.05601	0	0	0	0	0	0	0	0
4.159993571551889e-09	120.931	13.7906	3.16951	1.05705	0	0	0	0	0	0	0	0
4.170004871724083e-09	120.959	13.7623	3.17863	1.05809	0	0	0	0	0	0	0	0
4.18000291189605e-09	120.987	13.7341	3.18776	1.05912	0	0	0	0	0	0	0	0
4.190000952068017e-09	121.016	13.706	3.19688	1.06016	0	0	0	0	0	0	0	0
4.199998992239983e-09	121.043	13.6781	3.20601	1.06119	0	0	0	0	0	0	0	0
4.209997032411949e-09	121.071	13.6503	3.21514	1.06222	0	0	0	0	0	0	0	0
4.219995072583915e-09	121.099	13.6226	3.22427	1.06325	0	0	0	0	0	0	0	0
4.230006372756109e-09	121.127	13.595	3.2334	1.06427	0	0	0	0	0	0	0	0
4.240004412928076e-09	121.154	13.5675	3.24254	1.0653	0	0	0	0	0	0	0	0
4.250002453100042e-09	121.181	13.5401	3.25168	1.06632	0	0	0	0	0	0	0	0
4.260000493272009e-09	121.209	13.5129	3.26082	1.06734	0	0	0	0	0	0	0	0
4.269998533443974e-09	121.236	13.4857	3.26996	1.06836	0	0	0	0	0	0	0	0
4.279996573615941e-09	121.263	13.4587	3.2791	1.06938	0	0	0	0	0	0	0	0
4.289994613787907e-09	121.29	13.4318	3.28825	1.07039	0	0	0	0	0	0	0	0
4.300005913960102e-09	121.317	13.405	3.2974	1.0714	0	0	0	0	0	0	0	0
4.310003954132068e-09	121.343	13.3783	3.30655	1.07241	0	0	0	0	0	0	0	0
4.320001994304035e-09	121.37	13.3517	3.3157	1.07342	0	0	0	0	0	0	0	0
4.330000034476e-09	121.396	13.3252	3.32485	1.07443	0	0	0	0	0	0	0	0
4.339998074647967e-09	121.423	13.2989	3.33401	1.07543	0	0	0	0	0	0	0	0
4.349996114819933e-09	121.449	13.2726	3.34317	1.07643	0	0	0	0	0	0	0	0
4.3599941549919e-09	121.475	13.2465	3.35233	1.07743	0	0	0	0	0	0	0	0
4.370005455164094e-09	121.501	13.2204	3.36149	1.07843	0	0	0	0	0	0	0	0
4.38000349533606e-09	121.527	13.1945	3.37065	1.07942	0	0	0	0	0	0	0	0
4.390001535508026e-09	121.553	13.1687	3.37982	1.08042	0	0	0	0	0	0	0	0
4.399999575679992e-09	121.579	13.143	3.38899	1.08141	0	0	0	0	0	0	0	0
4.409997615851959e-09	121.604	13.1173	3.39816	1.0824	0	0	0	0	0	0	0	0
4.419995656023926e-09	121.63	13.0918	3.40733	1.08339	0	0	0	0	0	0	0	0
4.429993696195892e-09	121.655	13.0664	3.4165	1.08438	0	0	0	0	0	0	0	0
4.440004996368086e-09	121.68	13.0411	3.42568	1.08536	0	0	0	0	0	0	0	0
4.450003036540053e-09	121.706	13.0159	3.43486	1.08634	0	0	0	0	0	0	0	0
4.460001076712018e-09	121.731	12.9908	3.44403	1.08732	0	0	0	0	0	0	0	0
4.469999116883985e-09	121.756	12.9658	3.45322	1.0883	0	0	0	0	0	0	0	0
4.479997157055951e-09	121.781	12.9409	3.4624	1.08928	0	0	0	0	0	0	0	0
4.489995197227918e-09	121.805	12.9161	3.47158	1.09025	0	0	0	0	0	0	0	0
4.500006497400112e-09	121.83	12.8914	3.48077	1.09123	0	0	0	0	0	0	0	0
4.510004537572079e-09	121.855	12.8668	3.48996	1.0922	0	0	0	0	0	0	0	0
4.520002577744044e-09	121.879	12.8423	3.49915	1.09317	0	0	0	0	0	0	0	0
4.530000617916011e-09	121.904	12.8178	3.50834	1.09414	0	0	0	0	0	0	0	0
4.539998658087977e-09	121.928	12.7935	3.51754	1.0951	0	0	0	0	0	0	0	0
4.549996698259944e-09	121.952	12.7693	3.52673	1.09607	0	0	0	0	0	0	0	0
4.55999473843191e-09	121.976	12.7452	3.53593	1.09703	0	0	0	0	0	0	0	0
4.570006038604104e-09	122.0	12.7211	3.54513	1.09799	0	0	0	0	0	0	0	0
4.58000407877607e-09	122.024	12.6972	3.55433	1.09895	0	0	0	0	0	0	0	0
4.590002118948036e-09	122.048	12.6734	3.56354	1.0999	0	0	0	0	0	0	0	0
4.600000159120003e-09	122.072	12.6496	3.57274	1.10086	0	0	0	0	0	0	0	0
4.609998199291969e-09	122.096	12.626	3.58195	1.10181	0	0	0	0	0	0	0	0
4.619996239463936e-09	122.119	12.6024	3.59116	1.10276	0	0	0	0	0	0	0	0
4.629994279635901e-09	122.143	12.5789	3.60037	1.10371	0	0	0	0	0	0	0	0
4.640005579808097e-09	122.166	12.5555	3.60958	1.10466	0	0	0	0	0	0	0	0
4.650003619980062e-09	122.189	12.5323	3.61879	1.10561	0	0	0	0	0	0	0	0
4.660001660152029e-09	122.212	12.5091	3.62801	1.10655	0	0	0	0	0	0	0	0
4.669999700323995e-09	122.236	12.4859	3.63723	1.10749	0	0	0	0	0	0	0	0
4.679997740495962e-09	122.259	12.4629	3.64645	1.10843	0	0	0	0	0	0	0	0
4.689995780667927e-09	122.282	12.44	3.65567	1.10937	0	0	0	0	0	0	0	0
4.699993820839894e-09	122.304	12.4171	3.66489	1.11031	0	0	0	0	0	0	0	0
4.710005121012088e-09	122.327	12.3944	3.67411	1.11124	0	0	0	0	0	0	0	0
4.720003161184054e-09	122.35	12.3717	3.68334	1.11218	0	0	0	0	0	0	0	0
4.730001201356021e-09	122.372	12.3491	3.69257	1.11311	0	0	0	0	0	0	0	0
4.7399992415279876e-09	122.395	12.3266	3.7018	1.11404	0	0	0	0	0	0	0	0
4.7499972816999536e-09	122.417	12.3042	3.71103	1.11497	0	0	0	0	0	0	0	0
4.75999532187192e-09	122.44	12.2819	3.72026	1.1159	0	0	0	0	0	0	0	0
4.770006622044114e-09	122.462	12.2596	3.7295	1.11682	0	0	0	0	0	0	0	0
4.78000466221608e-09	122.484	12.2375	3.73873	1.11775	0	0	0	0	0	0	0	0
4.790002702388047e-09	122.506	12.2154	3.74797	1.11867	0	0	0	0	0	0	0	0
4.800000742560013e-09	122.528	12.1934	3.75721	1.11959	0	0	0	0	0	0	0	0
4.8099987827319795e-09	122.55	12.1715	3.76645	1.12051	0	0	0	0	0	0	0	0
4.819996822903945e-09	122.572	12.1497	3.77569	1.12142	0	0	0	0	0	0	0	0
4.8299948630759116e-09	122.594	12.1279	3.78494	1.12234	0	0	0	0	0	0	0	0
4.840006163248106e-09	122.615	12.1063	3.79418	1.12325	0	0	0	0	0	0	0	0
4.850004203420073e-09	122.637	12.0847	3.80343	1.12417	0	0	0	0	0	0	0	0
4.860002243592039e-09	122.658	12.0632	3.81268	1.12508	0	0	0	0	0	0	0	0
4.8700002837640055e-09	122.68	12.0418	3.82193	1.12599	0	0	0	0	0	0	0	0
4.879998323935971e-09	122.701	12.0204	3.83119	1.12689	0	0	0	0	0	0	0	0
4.8899963641079375e-09	122.722	11.9992	3.84044	1.1278	0	0	0	0	0	0	0	0
4.8999944042799035e-09	122.744	11.978	3.8497	1.1287	0	0	0	0	0	0	0	0
4.910005704452098e-09	122.765	11.9569	3.85895	1.1296	0	0	0	0	0	0	0	0
4.920003744624065e-09	122.786	11.9358	3.86821	1.13051	0	0	0	0	0	0	0	0
4.930001784796031e-09	122.807	11.9149	3.87747	1.13141	0	0	0	0	0	0	0	0
4.9399998249679975e-09	122.828	11.894	3.88674	1.1323	0	0	0	0	0	0	0	0
4.949997865139963e-09	122.848	11.8732	3.896	1.1332	0	0	0	0	0	0	0	0
4.9599959053119295e-09	122.869	11.8525	3.90526	1.13409	0	0	0	0	0	0	0	0
4.969993945483896e-09	122.89	11.8318	3.91453	1.13499	0	0	0	0	0	0	0	0
4.9800052456560906e-09	122.91	11.8113	3.9238	1.13588	0	0	0	0	0	0	0	0
4.9900032858280566e-09	122.931	11.7908	3.93307	1.13677	0	0	0	0	0	0	0	0
5.0000013260000234e-09	122.951	11.7703	3.94234	1.13766	0	0	0	0	0	0	0	0
5.009999366171989e-09	122.972	11.75	3.95161	1.13854	0	0	0	0	0	0	0	0
5.0199974063439554e-09	122.992	11.7297	3.96089	1.13943	0	0	0	0	0	0	0	0
5.0299954465159215e-09	123.012	11.7095	3.97017	1.14031	0	0	0	0	0	0	0	0
5.040006746688116e-09	123.032	11.6894	3.97944	1.1412	0	0	0	0	0	0	0	0
5.0500047868600825e-09	123.052	11.6693	3.98872	1.14208	0	0	0	0	0	0	0	0
5.0600028270320486e-09	123.072	11.6493	3.998	1.14296	0	0	0	0	0	0	0	0
5.0700008672040146e-09	123.092	11.6294	4.00729	1.14383	0	0	0	0	0	0	0	0
5.079998907375981e-09	123.112	11.6096	4.01657	1.14471	0	0	0	0	0	0	0	0
5.0899969475479474e-09	123.132	11.5898	4.02585	1.14558	0	0	0	0	0	0	0	0
5.099994987719914e-09	123.151	11.5701	4.03514	1.14646	0	0	0	0	0	0	0	0
5.1100062878921085e-09	123.171	11.5505	4.04443	1.14733	0	0	0	0	0	0	0	0
5.1200043280640745e-09	123.191	11.5309	4.05372	1.1482	0	0	0	0	0	0	0	0
5.1300023682360405e-09	123.21	11.5114	4.06301	1.14907	0	0	0	0	0	0	0	0
5.1400004084080065e-09	123.23	11.492	4.0723	1.14994	0	0	0	0	0	0	0	0
5.149998448579973e-09	123.249	11.4727	4.0816	1.1508	0	0	0	0	0	0	0	0
5.159996488751939e-09	123.268	11.4534	4.09089	1.15167	0	0	0	0	0	0	0	0
5.169994528923906e-09	123.287	11.4342	4.10019	1.15253	0	0	0	0	0	0	0	0
5.1800058290961005e-09	123.307	11.415	4.10949	1.15339	0	0	0	0	0	0	0	0
5.190003869268067e-09	123.326	11.3959	4.11879	1.15425	0	0	0	0	0	0	0	0
5.2000019094400325e-09	123.345	11.3769	4.12809	1.15511	0	0	0	0	0	0	0	0
5.209999949611999e-09	123.364	11.358	4.13739	1.15597	0	0	0	0	0	0	0	0
5.219997989783965e-09	123.382	11.3391	4.1467	1.15682	0	0	0	0	0	0	0	0
5.229996029955932e-09	123.401	11.3203	4.156	1.15768	0	0	0	0	0	0	0	0
5.239994070127897e-09	123.42	11.3015	4.16531	1.15853	0	0	0	0	0	0	0	0
5.2500053703000924e-09	123.439	11.2828	4.17462	1.15938	0	0	0	0	0	0	0	0
5.2600034104720585e-09	123.457	11.2642	4.18393	1.16023	0	0	0	0	0	0	0	0
5.2700014506440245e-09	123.476	11.2457	4.19324	1.16108	0	0	0	0	0	0	0	0
5.279999490815991e-09	123.494	11.2272	4.20255	1.16193	0	0	0	0	0	0	0	0
5.289997530987957e-09	123.513	11.2088	4.21186	1.16277	0	0	0	0	0	0	0	0
5.299995571159924e-09	123.531	11.1904	4.22118	1.16362	0	0	0	0	0	0	0	0
5.30999361133189e-09	123.549	11.1721	4.2305	1.16446	0	0	0	0	0	0	0	0
5.3200049115040844e-09	123.568	11.1539	4.23981	1.1653	0	0	0	0	0	0	0	0
5.3300029516760504e-09	123.586	11.1357	4.24913	1.16614	0	0	0	0	0	0	0	0
5.340000991848017e-09	123.604	11.1176	4.25845	1.16698	0	0	0	0	0	0	0	0
5.349999032019983e-09	123.622	11.0995	4.26778	1.16782	0	0	0	0	0	0	0	0
5.35999707219195e-09	123.64	11.0815	4.2771	1.16866	0	0	0	0	0	0	0	0
5.369995112363915e-09	123.658	11.0636	4.28643	1.16949	0	0	0	0	0	0	0	0
5.3800064125361095e-09	123.676	11.0457	4.29575	1.17033	0	0	0	0	0	0	0	0
5.390004452708076e-09	123.694	11.0279	4.30508	1.17116	0	0	0	0	0	0	0	0
5.400002492880043e-09	123.711	11.0102	4.31441	1.17199	0	0	0	0	0	0	0	0
5.410000533052009e-09	123.729	10.9925	4.32374	1.17282	0	0	0	0	0	0	0	0
5.419998573223976e-09	123.747	10.9749	4.33307	1.17365	0	0	0	0	0	0	0	0
5.429996613395941e-09	123.764	10.9573	4.3424	1.17447	0	0	0	0	0	0	0	0
5.439994653567908e-09	123.782	10.9398	4.35174	1.1753	0	0	0	0	0	0	0	0
5.450005953740102e-09	123.799	10.9224	4.36107	1.17612	0	0	0	0	0	0	0	0
5.460003993912068e-09	123.817	10.905	4.37041	1.17695	0	0	0	0	0	0	0	0
5.470002034084035e-09	123.834	10.8876	4.37975	1.17777	0	0	0	0	0	0	0	0
5.480000074256001e-09	123.851	10.8704	4.38909	1.17859	0	0	0	0	0	0	0	0
5.489998114427968e-09	123.868	10.8531	4.39843	1.17941	0	0	0	0	0	0	0	0
5.499996154599933e-09	123.886	10.836	4.40777	1.18023	0	0	0	0	0	0	0	0
5.5099941947719e-09	123.903	10.8189	4.41711	1.18104	0	0	0	0	0	0	0	0
5.520005494944094e-09	123.92	10.8018	4.42646	1.18186	0	0	0	0	0	0	0	0
5.530003535116061e-09	123.937	10.7849	4.43581	1.18267	0	0	0	0	0	0	0	0
5.540001575288027e-09	123.954	10.7679	4.44515	1.18349	0	0	0	0	0	0	0	0
5.549999615459994e-09	123.971	10.751	4.4545	1.1843	0	0	0	0	0	0	0	0
5.559997655631959e-09	123.987	10.7342	4.46385	1.18511	0	0	0	0	0	0	0	0
5.569995695803926e-09	124.004	10.7175	4.4732	1.18592	0	0	0	0	0	0	0	0
5.579993735975892e-09	124.021	10.7008	4.48255	1.18672	0	0	0	0	0	0	0	0
5.590005036148086e-09	124.037	10.6841	4.49191	1.18753	0	0	0	0	0	0	0	0
5.600003076320053e-09	124.054	10.6675	4.50126	1.18834	0	0	0	0	0	0	0	0
5.610001116492019e-09	124.071	10.651	4.51062	1.18914	0	0	0	0	0	0	0	0
5.619999156663985e-09	124.087	10.6345	4.51998	1.18994	0	0	0	0	0	0	0	0
5.629997196835952e-09	124.104	10.618	4.52934	1.19074	0	0	0	0	0	0	0	0
5.639995237007918e-09	124.12	10.6017	4.5387	1.19154	0	0	0	0	0	0	0	0
5.650006537180112e-09	124.136	10.5853	4.54806	1.19234	0	0	0	0	0	0	0	0
5.660004577352079e-09	124.153	10.569	4.55742	1.19314	0	0	0	0	0	0	0	0
5.670002617524045e-09	124.169	10.5528	4.56678	1.19394	0	0	0	0	0	0	0	0
5.680000657696011e-09	124.185	10.5367	4.57615	1.19473	0	0	0	0	0	0	0	0
5.689998697867977e-09	124.201	10.5205	4.58551	1.19553	0	0	0	0	0	0	0	0
5.699996738039944e-09	124.217	10.5045	4.59488	1.19632	0	0	0	0	0	0	0	0
5.70999477821191e-09	124.233	10.4885	4.60425	1.19711	0	0	0	0	0	0	0	0
5.720006078384105e-09	124.249	10.4725	4.61362	1.1979	0	0	0	0	0	0	0	0
5.730004118556071e-09	124.265	10.4566	4.62299	1.19869	0	0	0	0	0	0	0	0
5.740002158728038e-09	124.281	10.4407	4.63236	1.19948	0	0	0	0	0	0	0	0
5.750000198900003e-09	124.297	10.4249	4.64173	1.20026	0	0	0	0	0	0	0	0
5.75999823907197e-09	124.312	10.4091	4.65111	1.20105	0	0	0	0	0	0	0	0
5.769996279243936e-09	124.328	10.3934	4.66048	1.20183	0	0	0	0	0	0	0	0
5.779994319415903e-09	124.344	10.3778	4.66986	1.20262	0	0	0	0	0	0	0	0
5.790005619588097e-09	124.359	10.3622	4.67924	1.2034	0	0	0	0	0	0	0	0
5.800003659760063e-09	124.375	10.3466	4.68862	1.20418	0	0	0	0	0	0	0	0
5.810001699932029e-09	124.39	10.3311	4.698	1.20496	0	0	0	0	0	0	0	0
5.819999740103995e-09	124.406	10.3156	4.70738	1.20574	0	0	0	0	0	0	0	0
5.829997780275962e-09	124.421	10.3002	4.71676	1.20652	0	0	0	0	0	0	0	0
5.839995820447928e-09	124.437	10.2849	4.72615	1.20729	0	0	0	0	0	0	0	0
5.849993860619895e-09	124.452	10.2696	4.73553	1.20807	0	0	0	0	0	0	0	0
5.860005160792089e-09	124.467	10.2543	4.74492	1.20884	0	0	0	0	0	0	0	0
5.870003200964055e-09	124.482	10.2391	4.7543	1.20961	0	0	0	0	0	0	0	0
5.880001241136021e-09	124.498	10.2239	4.76369	1.21039	0	0	0	0	0	0	0	0
5.889999281307988e-09	124.513	10.2088	4.77308	1.21116	0	0	0	0	0	0	0	0
5.899997321479954e-09	124.528	10.1937	4.78247	1.21193	0	0	0	0	0	0	0	0
5.909995361651921e-09	124.543	10.1787	4.79186	1.21269	0	0	0	0	0	0	0	0
5.920006661824115e-09	124.558	10.1637	4.80126	1.21346	0	0	0	0	0	0	0	0
5.93000470199608e-09	124.573	10.1488	4.81065	1.21423	0	0	0	0	0	0	0	0
5.940002742168047e-09	124.588	10.1339	4.82005	1.21499	0	0	0	0	0	0	0	0
5.950000782340014e-09	124.603	10.119	4.82944	1.21575	0	0	0	0	0	0	0	0
5.95999882251198e-09	124.617	10.1042	4.83884	1.21652	0	0	0	0	0	0	0	0
5.969996862683947e-09	124.632	10.0895	4.84824	1.21728	0	0	0	0	0	0	0	0
5.979994902855912e-09	124.647	10.0748	4.85764	1.21804	0	0	0	0	0	0	0	0
5.990006203028106e-09	124.661	10.0601	4.86704	1.2188	0	0	0	0	0	0	0	0
6.000004243200073e-09	124.676	10.0455	4.87644	1.21956	0	0	0	0	0	0	0	0
6.010002283372039e-09	124.691	10.0309	4.88584	1.22031	0	0	0	0	0	0	0	0
6.020000323544006e-09	124.705	10.0164	4.89525	1.22107	0	0	0	0	0	0	0	0
6.029998363715972e-09	124.72	10.0019	4.90465	1.22182	0	0	0	0	0	0	0	0
6.039996403887939e-09	124.734	9.9875	4.91406	1.22258	0	0	0	0	0	0	0	0
6.049994444059904e-09	124.748	9.97311	4.92347	1.22333	0	0	0	0	0	0	0	0
6.060005744232099e-09	124.763	9.95876	4.93288	1.22408	0	0	0	0	0	0	0	0
6.070003784404065e-09	124.777	9.94446	4.94229	1.22483	0	0	0	0	0	0	0	0
6.080001824576032e-09	124.791	9.9302	4.9517	1.22558	0	0	0	0	0	0	0	0
6.089999864747998e-09	124.806	9.91598	4.96111	1.22633	0	0	0	0	0	0	0	0
6.099997904919965e-09	124.82	9.90181	4.97052	1.22708	0	0	0	0	0	0	0	0
6.10999594509193e-09	124.834	9.88768	4.97993	1.22782	0	0	0	0	0	0	0	0
6.119993985263897e-09	124.848	9.87359	4.98935	1.22857	0	0	0	0	0	0	0	0
6.130005285436091e-09	124.862	9.85955	4.99876	1.22931	0	0	0	0	0	0	0	0
6.140003325608057e-09	124.876	9.84555	5.00818	1.23006	0	0	0	0	0	0	0	0
6.150001365780024e-09	124.89	9.83159	5.0176	1.2308	0	0	0	0	0	0	0	0
6.15999940595199e-09	124.904	9.81767	5.02702	1.23154	0	0	0	0	0	0	0	0
6.169997446123956e-09	124.918	9.80379	5.03644	1.23228	0	0	0	0	0	0	0	0
6.1799954862959226e-09	124.932	9.78996	5.04586	1.23302	0	0	0	0	0	0	0	0
6.190006786468117e-09	124.945	9.77616	5.05528	1.23376	0	0	0	0	0	0	0	0
6.200004826640083e-09	124.959	9.76241	5.06471	1.23449	0	0	0	0	0	0	0	0
6.21000286681205e-09	124.973	9.7487	5.07413	1.23523	0	0	0	0	0	0	0	0
6.220000906984016e-09	124.987	9.73503	5.08356	1.23596	0	0	0	0	0	0	0	0
6.229998947155982e-09	125.0	9.7214	5.09298	1.2367	0	0	0	0	0	0	0	0
6.239996987327948e-09	125.014	9.70782	5.10241	1.23743	0	0	0	0	0	0	0	0
6.2499950274999145e-09	125.027	9.69427	5.11184	1.23816	0	0	0	0	0	0	0	0
6.260006327672109e-09	125.041	9.68076	5.12127	1.23889	0	0	0	0	0	0	0	0
6.270004367844075e-09	125.054	9.66729	5.1307	1.23962	0	0	0	0	0	0	0	0
6.280002408016042e-09	125.068	9.65386	5.14013	1.24035	0	0	0	0	0	0	0	0
6.2900004481880085e-09	125.081	9.64048	5.14956	1.24108	0	0	0	0	0	0	0	0
6.299998488359974e-09	125.094	9.62713	5.15899	1.2418	0	0	0	0	0	0	0	0
6.3099965285319405e-09	125.108	9.61382	5.16843	1.24253	0	0	0	0	0	0	0	0
6.3199945687039065e-09	125.121	9.60055	5.17786	1.24325	0	0	0	0	0	0	0	0
6.330005868876101e-09	125.134	9.58732	5.1873	1.24398	0	0	0	0	0	0	0	0
6.340003909048068e-09	125.147	9.57412	5.19674	1.2447	0	0	0	0	0	0	0	0
6.350001949220034e-09	125.161	9.56097	5.20618	1.24542	0	0	0	0	0	0	0	0
6.359999989392e-09	125.174	9.54786	5.21562	1.24614	0	0	0	0	0	0	0	0
6.369998029563966e-09	125.187	9.53478	5.22506	1.24686	0	0	0	0	0	0	0	0
6.3799960697359325e-09	125.2	9.52174	5.2345	1.24758	0	0	0	0	0	0	0	0
6.3899941099078985e-09	125.213	9.50874	5.24394	1.2483	0	0	0	0	0	0	0	0
6.4000054100800936e-09	125.226	9.49578	5.25338	1.24901	0	0	0	0	0	0	0	0
6.4100034502520596e-09	125.239	9.48285	5.26283	1.24973	0	0	0	0	0	0	0	0
6.4200014904240256e-09	125.252	9.46996	5.27227	1.25044	0	0	0	0	0	0	0	0
6.429999530595992e-09	125.264	9.45711	5.28172	1.25116	0	0	0	0	0	0	0	0
6.4399975707679584e-09	125.277	9.4443	5.29117	1.25187	0	0	0	0	0	0	0	0
6.4499956109399244e-09	125.29	9.43152	5.30062	1.25258	0	0	0	0	0	0	0	0
6.459993651111891e-09	125.303	9.41878	5.31006	1.25329	0	0	0	0	0	0	0	0
6.4700049512840855e-09	125.315	9.40608	5.31951	1.254	0	0	0	0	0	0	0	0
6.480002991456051e-09	125.328	9.39341	5.32897	1.25471	0	0	0	0	0	0	0	0
6.4900010316280176e-09	125.341	9.38078	5.33842	1.25542	0	0	0	0	0	0	0	0
6.499999071799984e-09	125.353	9.36819	5.34787	1.25613	0	0	0	0	0	0	0	0
6.50999711197195e-09	125.366	9.35563	5.35733	1.25683	0	0	0	0	0	0	0	0
6.519995152143917e-09	125.378	9.34311	5.36678	1.25754	0	0	0	0	0	0	0	0
6.5300064523161115e-09	125.391	9.33062	5.37624	1.25824	0	0	0	0	0	0	0	0
6.540004492488077e-09	125.403	9.31817	5.38569	1.25895	0	0	0	0	0	0	0	0
6.5500025326600435e-09	125.416	9.30575	5.39515	1.25965	0	0	0	0	0	0	0	0
6.5600005728320095e-09	125.428	9.29337	5.40461	1.26035	0	0	0	0	0	0	0	0
6.569998613003976e-09	125.441	9.28103	5.41407	1.26105	0	0	0	0	0	0	0	0
6.579996653175942e-09	125.453	9.26872	5.42353	1.26175	0	0	0	0	0	0	0	0
6.589994693347909e-09	125.465	9.25644	5.43299	1.26245	0	0	0	0	0	0	0	0
6.6000059935201035e-09	125.477	9.2442	5.44245	1.26314	0	0	0	0	0	0	0	0
6.6100040336920695e-09	125.49	9.232	5.45192	1.26384	0	0	0	0	0	0	0	0
6.6200020738640355e-09	125.502	9.21982	5.46138	1.26454	0	0	0	0	0	0	0	0
6.630000114036002e-09	125.514	9.20769	5.47085	1.26523	0	0	0	0	0	0	0	0
6.639998154207968e-09	125.526	9.19558	5.48031	1.26593	0	0	0	0	0	0	0	0
6.649996194379935e-09	125.538	9.18351	5.48978	1.26662	0	0	0	0	0	0	0	0
6.6599942345519e-09	125.55	9.17148	5.49925	1.26731	0	0	0	0	0	0	0	0
6.670005534724095e-09	125.562	9.15948	5.50872	1.268	0	0	0	0	0	0	0	0
6.6800035748960614e-09	125.574	9.14751	5.51819	1.26869	0	0	0	0	0	0	0	0
6.6900016150680275e-09	125.586	9.13557	5.52766	1.26938	0	0	0	0	0	0	0	0
6.699999655239994e-09	125.598	9.12367	5.53713	1.27007	0	0	0	0	0	0	0	0
6.70999769541196e-09	125.61	9.1118	5.5466	1.27076	0	0	0	0	0	0	0	0
6.719995735583926e-09	125.622	9.09997	5.55607	1.27145	0	0	0	0	0	0	0	0
6.729993775755893e-09	125.633	9.08817	5.56555	1.27213	0	0	0	0	0	0	0	0
6.740005075928087e-09	125.645	9.0764	5.57502	1.27282	0	0	0	0	0	0	0	0
6.750003116100053e-09	125.657	9.06466	5.5845	1.2735	0	0	0	0	0	0	0	0
6.76000115627202e-09	125.669	9.05295	5.59397	1.27418	0	0	0	0	0	0	0	0
6.769999196443986e-09	125.68	9.04128	5.60345	1.27487	0	0	0	0	0	0	0	0
6.779997236615952e-09	125.692	9.02964	5.61293	1.27555	0	0	0	0	0	0	0	0
6.789995276787918e-09	125.704	9.01803	5.62241	1.27623	0	0	0	0	0	0	0	0
6.8000065769601125e-09	125.715	9.00646	5.63189	1.27691	0	0	0	0	0	0	0	0
6.810004617132079e-09	125.727	8.99491	5.64137	1.27759	0	0	0	0	0	0	0	0
6.820002657304045e-09	125.738	8.9834	5.65085	1.27826	0	0	0	0	0	0	0	0
6.830000697476012e-09	125.75	8.97192	5.66034	1.27894	0	0	0	0	0	0	0	0
6.839998737647979e-09	125.761	8.96047	5.66982	1.27962	0	0	0	0	0	0	0	0
6.849996777819944e-09	125.773	8.94905	5.67931	1.28029	0	0	0	0	0	0	0	0
6.859994817991911e-09	125.784	8.93766	5.68879	1.28097	0	0	0	0	0	0	0	0
6.870006118164105e-09	125.795	8.9263	5.69828	1.28164	0	0	0	0	0	0	0	0
6.880004158336071e-09	125.807	8.91498	5.70776	1.28231	0	0	0	0	0	0	0	0
6.890002198508038e-09	125.818	8.90368	5.71725	1.28298	0	0	0	0	0	0	0	0
6.900000238680004e-09	125.829	8.89242	5.72674	1.28366	0	0	0	0	0	0	0	0
6.90999827885197e-09	125.84	8.88118	5.73623	1.28433	0	0	0	0	0	0	0	0
6.919996319023936e-09	125.852	8.86998	5.74572	1.285	0	0	0	0	0	0	0	0
6.929994359195903e-09	125.863	8.85881	5.75521	1.28566	0	0	0	0	0	0	0	0
6.940005659368097e-09	125.874	8.84766	5.76471	1.28633	0	0	0	0	0	0	0	0
6.950003699540064e-09	125.885	8.83655	5.7742	1.287	0	0	0	0	0	0	0	0
6.96000173971203e-09	125.896	8.82547	5.78369	1.28766	0	0	0	0	0	0	0	0
6.969999779883996e-09	125.907	8.81441	5.79319	1.28833	0	0	0	0	0	0	0	0
6.979997820055962e-09	125.918	8.80339	5.80268	1.28899	0	0	0	0	0	0	0	0
6.989995860227929e-09	125.929	8.79239	5.81218	1.28966	0	0	0	0	0	0	0	0
6.999993900399895e-09	125.94	8.78143	5.82168	1.29032	0	0	0	0	0	0	0	0
7.010005200572089e-09	125.951	8.77049	5.83118	1.29098	0	0	0	0	0	0	0	0
7.020003240744056e-09	125.962	8.75959	5.84067	1.29164	0	0	0	0	0	0	0	0
7.030001280916021e-09	125.973	8.74871	5.85017	1.2923	0	0	0	0	0	0	0	0
7.039999321087988e-09	125.984	8.73786	5.85968	1.29296	0	0	0	0	0	0	0	0
7.049997361259954e-09	125.995	8.72704	5.86918	1.29362	0	0	0	0	0	0	0	0
7.059995401431921e-09	126.005	8.71625	5.87868	1.29428	0	0	0	0	0	0	0	0
7.070006701604115e-09	126.016	8.70549	5.88818	1.29494	0	0	0	0	0	0	0	0
7.080004741776082e-09	126.027	8.69476	5.89769	1.29559	0	0	0	0	0	0	0	0
7.090002781948047e-09	126.038	8.68405	5.90719	1.29625	0	0	0	0	0	0	0	0
7.100000822120014e-09	126.048	8.67337	5.9167	1.2969	0	0	0	0	0	0	0	0
7.10999886229198e-09	126.059	8.66272	5.9262	1.29756	0	0	0	0	0	0	0	0
7.119996902463947e-09	126.069	8.6521	5.93571	1.29821	0	0	0	0	0	0	0	0
7.129994942635913e-09	126.08	8.64151	5.94522	1.29886	0	0	0	0	0	0	0	0
7.140006242808107e-09	126.091	8.63094	5.95473	1.29951	0	0	0	0	0	0	0	0
7.150004282980074e-09	126.101	8.62041	5.96424	1.30016	0	0	0	0	0	0	0	0
7.16000232315204e-09	126.112	8.6099	5.97375	1.30081	0	0	0	0	0	0	0	0
7.170000363324006e-09	126.122	8.59942	5.98326	1.30146	0	0	0	0	0	0	0	0
7.179998403495973e-09	126.133	8.58896	5.99277	1.30211	0	0	0	0	0	0	0	0
7.189996443667939e-09	126.143	8.57853	6.00228	1.30276	0	0	0	0	0	0	0	0
7.199994483839906e-09	126.153	8.56813	6.01179	1.3034	0	0	0	0	0	0	0	0
7.2100057840121e-09	126.164	8.55776	6.02131	1.30405	0	0	0	0	0	0	0	0
7.220003824184065e-09	126.174	8.54741	6.03082	1.30469	0	0	0	0	0	0	0	0
7.230001864356032e-09	126.184	8.53709	6.04034	1.30534	0	0	0	0	0	0	0	0
7.239999904527998e-09	126.195	8.5268	6.04986	1.30598	0	0	0	0	0	0	0	0
7.249997944699965e-09	126.205	8.51653	6.05937	1.30662	0	0	0	0	0	0	0	0
7.259995984871931e-09	126.215	8.50629	6.06889	1.30727	0	0	0	0	0	0	0	0
7.269994025043897e-09	126.225	8.49608	6.07841	1.30791	0	0	0	0	0	0	0	0
7.280005325216091e-09	126.236	8.48589	6.08793	1.30855	0	0	0	0	0	0	0	0
7.290003365388058e-09	126.246	8.47573	6.09745	1.30919	0	0	0	0	0	0	0	0
7.300001405560024e-09	126.256	8.4656	6.10697	1.30983	0	0	0	0	0	0	0	0
7.309999445731991e-09	126.266	8.45549	6.11649	1.31046	0	0	0	0	0	0	0	0
7.319997485903957e-09	126.276	8.44541	6.12602	1.3111	0	0	0	0	0	0	0	0
7.329995526075924e-09	126.286	8.43535	6.13554	1.31174	0	0	0	0	0	0	0	0
7.340006826248118e-09	126.296	8.42532	6.14506	1.31237	0	0	0	0	0	0	0	0
7.350004866420083e-09	126.306	8.41532	6.15459	1.31301	0	0	0	0	0	0	0	0
7.36000290659205e-09	126.316	8.40534	6.16412	1.31364	0	0	0	0	0	0	0	0
7.370000946764016e-09	126.326	8.39538	6.17364	1.31428	0	0	0	0	0	0	0	0
7.379998986935983e-09	126.336	8.38545	6.18317	1.31491	0	0	0	0	0	0	0	0
7.38999702710795e-09	126.346	8.37555	6.1927	1.31554	0	0	0	0	0	0	0	0
7.399995067279915e-09	126.356	8.36567	6.20223	1.31617	0	0	0	0	0	0	0	0
7.410006367452109e-09	126.366	8.35582	6.21176	1.3168	0	0	0	0	0	0	0	0
7.420004407624076e-09	126.376	8.34599	6.22129	1.31743	0	0	0	0	0	0	0	0
7.430002447796042e-09	126.385	8.33619	6.23082	1.31806	0	0	0	0	0	0	0	0
7.440000487968009e-09	126.395	8.32641	6.24035	1.31869	0	0	0	0	0	0	0	0
7.449998528139975e-09	126.405	8.31665	6.24988	1.31932	0	0	0	0	0	0	0	0
7.45999656831194e-09	126.415	8.30692	6.25941	1.31994	0	0	0	0	0	0	0	0
7.469994608483907e-09	126.424	8.29722	6.26895	1.32057	0	0	0	0	0	0	0	0
7.480005908656101e-09	126.434	8.28754	6.27848	1.3212	0	0	0	0	0	0	0	0
7.490003948828069e-09	126.444	8.27788	6.28802	1.32182	0	0	0	0	0	0	0	0
7.500001989000035e-09	126.453	8.26825	6.29755	1.32244	0	0	0	0	0	0	0	0
7.510000029172e-09	126.463	8.25864	6.30709	1.32307	0	0	0	0	0	0	0	0
7.519998069343967e-09	126.472	8.24906	6.31663	1.32369	0	0	0	0	0	0	0	0
7.529996109515933e-09	126.482	8.2395	6.32617	1.32431	0	0	0	0	0	0	0	0
7.5399941496879e-09	126.492	8.22996	6.33571	1.32493	0	0	0	0	0	0	0	0
7.550005449860095e-09	126.501	8.22045	6.34524	1.32555	0	0	0	0	0	0	0	0
7.560003490032059e-09	126.511	8.21096	6.35479	1.32617	0	0	0	0	0	0	0	0
7.570001530204027e-09	126.52	8.20149	6.36433	1.32679	0	0	0	0	0	0	0	0
7.579999570375993e-09	126.53	8.19205	6.37387	1.32741	0	0	0	0	0	0	0	0
7.589997610547959e-09	126.539	8.18264	6.38341	1.32803	0	0	0	0	0	0	0	0
7.599995650719925e-09	126.548	8.17324	6.39295	1.32864	0	0	0	0	0	0	0	0
7.60999369089189e-09	126.558	8.16387	6.4025	1.32926	0	0	0	0	0	0	0	0
7.620004991064085e-09	126.567	8.15452	6.41204	1.32988	0	0	0	0	0	0	0	0
7.630003031236053e-09	126.576	8.1452	6.42159	1.33049	0	0	0	0	0	0	0	0
7.640001071408019e-09	126.586	8.13589	6.43113	1.3311	0	0	0	0	0	0	0	0
7.649999111579985e-09	126.595	8.12661	6.44068	1.33172	0	0	0	0	0	0	0	0
7.65999715175195e-09	126.604	8.11736	6.45023	1.33233	0	0	0	0	0	0	0	0
7.669995191923917e-09	126.613	8.10812	6.45978	1.33294	0	0	0	0	0	0	0	0
7.680006492096111e-09	126.623	8.09891	6.46933	1.33355	0	0	0	0	0	0	0	0
7.690004532268077e-09	126.632	8.08972	6.47887	1.33416	0	0	0	0	0	0	0	0
7.700002572440045e-09	126.641	8.08056	6.48843	1.33477	0	0	0	0	0	0	0	0
7.71000061261201e-09	126.65	8.07141	6.49798	1.33538	0	0	0	0	0	0	0	0
7.719998652783977e-09	126.659	8.06229	6.50753	1.33599	0	0	0	0	0	0	0	0
7.729996692955944e-09	126.668	8.05319	6.51708	1.3366	0	0	0	0	0	0	0	0
7.739994733127909e-09	126.677	8.04412	6.52663	1.3372	0	0	0	0	0	0	0	0
7.750006033300103e-09	126.686	8.03506	6.53619	1.33781	0	0	0	0	0	0	0	0
7.76000407347207e-09	126.696	8.02603	6.54574	1.33842	0	0	0	0	0	0	0	0
7.770002113644037e-09	126.705	8.01702	6.5553	1.33902	0	0	0	0	0	0	0	0
7.780000153816003e-09	126.714	8.00803	6.56485	1.33963	0	0	0	0	0	0	0	0
7.789998193987969e-09	126.722	7.99906	6.57441	1.34023	0	0	0	0	0	0	0	0
7.799996234159935e-09	126.731	7.99011	6.58397	1.34083	0	0	0	0	0	0	0	0
7.8099942743319e-09	126.74	7.98119	6.59352	1.34143	0	0	0	0	0	0	0	0
7.820005574504097e-09	126.749	7.97229	6.60308	1.34204	0	0	0	0	0	0	0	0
7.830003614676063e-09	126.758	7.96341	6.61264	1.34264	0	0	0	0	0	0	0	0
7.840001654848029e-09	126.767	7.95455	6.6222	1.34324	0	0	0	0	0	0	0	0
7.849999695019995e-09	126.776	7.94571	6.63176	1.34384	0	0	0	0	0	0	0	0
7.85999773519196e-09	126.785	7.93689	6.64132	1.34444	0	0	0	0	0	0	0	0
7.869995775363927e-09	126.793	7.92809	6.65088	1.34503	0	0	0	0	0	0	0	0
7.879993815535894e-09	126.802	7.91932	6.66045	1.34563	0	0	0	0	0	0	0	0
7.890005115708089e-09	126.811	7.91057	6.67001	1.34623	0	0	0	0	0	0	0	0
7.900003155880055e-09	126.82	7.90183	6.67957	1.34682	0	0	0	0	0	0	0	0
7.91000119605202e-09	126.828	7.89312	6.68914	1.34742	0	0	0	0	0	0	0	0
7.919999236223987e-09	126.837	7.88443	6.6987	1.34801	0	0	0	0	0	0	0	0
7.929997276395953e-09	126.846	7.87576	6.70827	1.34861	0	0	0	0	0	0	0	0
7.93999531656792e-09	126.854	7.86711	6.71783	1.3492	0	0	0	0	0	0	0	0
7.950006616740114e-09	126.863	7.85848	6.7274	1.3498	0	0	0	0	0	0	0	0
7.96000465691208e-09	126.872	7.84987	6.73697	1.35039	0	0	0	0	0	0	0	0
7.970002697084046e-09	126.88	7.84128	6.74654	1.35098	0	0	0	0	0	0	0	0
7.980000737256013e-09	126.889	7.83271	6.75611	1.35157	0	0	0	0	0	0	0	0
7.989998777427979e-09	126.897	7.82416	6.76568	1.35216	0	0	0	0	0	0	0	0
7.999996817599945e-09	126.906	7.81563	6.77525	1.35275	0	0	0	0	0	0	0	0
8.009994857771912e-09	126.914	7.80713	6.78482	1.35334	0	0	0	0	0	0	0	0
8.020006157944106e-09	126.923	7.79864	6.79439	1.35393	0	0	0	0	0	0	0	0
8.030004198116072e-09	126.931	7.79017	6.80396	1.35452	0	0	0	0	0	0	0	0
8.040002238288038e-09	126.94	7.78172	6.81353	1.3551	0	0	0	0	0	0	0	0
8.050000278460004e-09	126.948	7.77329	6.82311	1.35569	0	0	0	0	0	0	0	0
8.05999831863197e-09	126.957	7.76488	6.83268	1.35628	0	0	0	0	0	0	0	0
8.069996358803938e-09	126.965	7.75649	6.84226	1.35686	0	0	0	0	0	0	0	0
8.079994398975904e-09	126.973	7.74813	6.85183	1.35745	0	0	0	0	0	0	0	0
8.090005699148098e-09	126.982	7.73978	6.86141	1.35803	0	0	0	0	0	0	0	0
8.100003739320064e-09	126.99	7.73145	6.87098	1.35861	0	0	0	0	0	0	0	0
8.11000177949203e-09	126.998	7.72313	6.88056	1.3592	0	0	0	0	0	0	0	0
8.119999819663996e-09	127.007	7.71484	6.89014	1.35978	0	0	0	0	0	0	0	0
8.129997859835962e-09	127.015	7.70657	6.89972	1.36036	0	0	0	0	0	0	0	0
8.13999590000793e-09	127.023	7.69832	6.9093	1.36094	0	0	0	0	0	0	0	0
8.149993940179896e-09	127.031	7.69008	6.91888	1.36152	0	0	0	0	0	0	0	0
8.16000524035209e-09	127.04	7.68187	6.92846	1.3621	0	0	0	0	0	0	0	0
8.170003280524056e-09	127.048	7.67367	6.93804	1.36268	0	0	0	0	0	0	0	0
8.180001320696022e-09	127.056	7.6655	6.94762	1.36326	0	0	0	0	0	0	0	0
8.189999360867988e-09	127.064	7.65734	6.9572	1.36384	0	0	0	0	0	0	0	0
8.199997401039956e-09	127.072	7.6492	6.96678	1.36441	0	0	0	0	0	0	0	0
8.209995441211922e-09	127.08	7.64108	6.97637	1.36499	0	0	0	0	0	0	0	0
8.220006741384116e-09	127.089	7.63298	6.98595	1.36557	0	0	0	0	0	0	0	0
8.230004781556082e-09	127.097	7.62489	6.99554	1.36614	0	0	0	0	0	0	0	0
8.240002821728048e-09	127.105	7.61683	7.00512	1.36672	0	0	0	0	0	0	0	0
8.250000861900014e-09	127.113	7.60878	7.01471	1.36729	0	0	0	0	0	0	0	0
8.25999890207198e-09	127.121	7.60075	7.02429	1.36786	0	0	0	0	0	0	0	0
8.269996942243948e-09	127.129	7.59275	7.03388	1.36844	0	0	0	0	0	0	0	0
8.279994982415914e-09	127.137	7.58475	7.04347	1.36901	0	0	0	0	0	0	0	0
8.290006282588108e-09	127.145	7.57678	7.05306	1.36958	0	0	0	0	0	0	0	0
8.300004322760074e-09	127.153	7.56883	7.06265	1.37015	0	0	0	0	0	0	0	0
8.31000236293204e-09	127.161	7.56089	7.07224	1.37072	0	0	0	0	0	0	0	0
8.320000403104006e-09	127.169	7.55297	7.08183	1.37129	0	0	0	0	0	0	0	0
8.329998443275974e-09	127.176	7.54507	7.09142	1.37186	0	0	0	0	0	0	0	0
8.33999648344794e-09	127.184	7.53719	7.10101	1.37243	0	0	0	0	0	0	0	0
8.349994523619904e-09	127.192	7.52932	7.1106	1.373	0	0	0	0	0	0	0	0
8.3600058237921e-09	127.2	7.52148	7.12019	1.37356	0	0	0	0	0	0	0	0
8.370003863964066e-09	127.208	7.51365	7.12979	1.37413	0	0	0	0	0	0	0	0
8.380001904136034e-09	127.216	7.50584	7.13938	1.3747	0	0	0	0	0	0	0	0
8.389999944307998e-09	127.224	7.49804	7.14897	1.37526	0	0	0	0	0	0	0	0
8.399997984479966e-09	127.231	7.49027	7.15857	1.37583	0	0	0	0	0	0	0	0
8.409996024651932e-09	127.239	7.48251	7.16816	1.37639	0	0	0	0	0	0	0	0
8.419994064823898e-09	127.247	7.47477	7.17776	1.37696	0	0	0	0	0	0	0	0
8.430005364996092e-09	127.255	7.46704	7.18736	1.37752	0	0	0	0	0	0	0	0
8.440003405168058e-09	127.262	7.45933	7.19695	1.37808	0	0	0	0	0	0	0	0
8.450001445340026e-09	127.27	7.45165	7.20655	1.37865	0	0	0	0	0	0	0	0
8.45999948551199e-09	127.278	7.44397	7.21615	1.37921	0	0	0	0	0	0	0	0
8.469997525683956e-09	127.285	7.43632	7.22575	1.37977	0	0	0	0	0	0	0	0
8.479995565855924e-09	127.293	7.42868	7.23535	1.38033	0	0	0	0	0	0	0	0
8.490006866028118e-09	127.3	7.42106	7.24495	1.38089	0	0	0	0	0	0	0	0
8.500004906200084e-09	127.308	7.41346	7.25455	1.38145	0	0	0	0	0	0	0	0
8.51000294637205e-09	127.316	7.40587	7.26415	1.38201	0	0	0	0	0	0	0	0
8.520000986544018e-09	127.323	7.3983	7.27375	1.38257	0	0	0	0	0	0	0	0
8.529999026715984e-09	127.331	7.39075	7.28335	1.38312	0	0	0	0	0	0	0	0
8.539997066887948e-09	127.338	7.38321	7.29296	1.38368	0	0	0	0	0	0	0	0
8.549995107059916e-09	127.346	7.37569	7.30256	1.38424	0	0	0	0	0	0	0	0
8.56000640723211e-09	127.353	7.36819	7.31216	1.38479	0	0	0	0	0	0	0	0
8.570004447404076e-09	127.361	7.3607	7.32177	1.38535	0	0	0	0	0	0	0	0
8.580002487576042e-09	127.368	7.35323	7.33137	1.3859	0	0	0	0	0	0	0	0
8.59000052774801e-09	127.376	7.34577	7.34098	1.38646	0	0	0	0	0	0	0	0
8.599998567919976e-09	127.383	7.33834	7.35059	1.38701	0	0	0	0	0	0	0	0
8.609996608091942e-09	127.391	7.33092	7.36019	1.38756	0	0	0	0	0	0	0	0
8.619994648263908e-09	127.398	7.32351	7.3698	1.38812	0	0	0	0	0	0	0	0
8.630005948436102e-09	127.405	7.31612	7.37941	1.38867	0	0	0	0	0	0	0	0
8.64000398860807e-09	127.413	7.30875	7.38902	1.38922	0	0	0	0	0	0	0	0
8.650002028780034e-09	127.42	7.3014	7.39863	1.38977	0	0	0	0	0	0	0	0
8.660000068952e-09	127.427	7.29406	7.40824	1.39032	0	0	0	0	0	0	0	0
8.669998109123968e-09	127.435	7.28673	7.41785	1.39087	0	0	0	0	0	0	0	0
8.679996149295934e-09	127.442	7.27942	7.42746	1.39142	0	0	0	0	0	0	0	0
8.6899941894679e-09	127.449	7.27213	7.43707	1.39197	0	0	0	0	0	0	0	0
8.700005489640094e-09	127.457	7.26486	7.44668	1.39252	0	0	0	0	0	0	0	0
8.710003529812062e-09	127.464	7.2576	7.45629	1.39307	0	0	0	0	0	0	0	0
8.720001569984028e-09	127.471	7.25035	7.4659	1.39361	0	0	0	0	0	0	0	0
8.729999610155992e-09	127.478	7.24312	7.47552	1.39416	0	0	0	0	0	0	0	0
8.73999765032796e-09	127.486	7.23591	7.48513	1.3947	0	0	0	0	0	0	0	0
8.749995690499926e-09	127.493	7.22871	7.49475	1.39525	0	0	0	0	0	0	0	0
8.759993730671894e-09	127.5	7.22153	7.50436	1.3958	0	0	0	0	0	0	0	0
8.770005030844086e-09	127.507	7.21437	7.51398	1.39634	0	0	0	0	0	0	0	0
8.780003071016052e-09	127.514	7.20722	7.52359	1.39688	0	0	0	0	0	0	0	0
8.79000111118802e-09	127.521	7.20008	7.53321	1.39743	0	0	0	0	0	0	0	0
8.799999151359984e-09	127.529	7.19296	7.54283	1.39797	0	0	0	0	0	0	0	0
8.809997191531952e-09	127.536	7.18586	7.55245	1.39851	0	0	0	0	0	0	0	0
8.819995231703918e-09	127.543	7.17877	7.56206	1.39905	0	0	0	0	0	0	0	0
8.830006531876114e-09	127.55	7.17169	7.57168	1.39959	0	0	0	0	0	0	0	0
8.840004572048078e-09	127.557	7.16463	7.5813	1.40013	0	0	0	0	0	0	0	0
8.850002612220044e-09	127.564	7.15759	7.59092	1.40067	0	0	0	0	0	0	0	0
8.860000652392012e-09	127.571	7.15056	7.60054	1.40121	0	0	0	0	0	0	0	0
8.869998692563978e-09	127.578	7.14355	7.61016	1.40175	0	0	0	0	0	0	0	0
8.879996732735944e-09	127.585	7.13655	7.61979	1.40229	0	0	0	0	0	0	0	0
8.88999477290791e-09	127.592	7.12957	7.62941	1.40283	0	0	0	0	0	0	0	0
8.900006073080106e-09	127.599	7.1226	7.63903	1.40337	0	0	0	0	0	0	0	0
8.91000411325207e-09	127.606	7.11564	7.64865	1.4039	0	0	0	0	0	0	0	0
8.920002153424036e-09	127.613	7.1087	7.65828	1.40444	0	0	0	0	0	0	0	0
8.930000193596004e-09	127.62	7.10178	7.6679	1.40498	0	0	0	0	0	0	0	0
8.93999823376797e-09	127.627	7.09487	7.67753	1.40551	0	0	0	0	0	0	0	0
8.949996273939937e-09	127.634	7.08797	7.68715	1.40605	0	0	0	0	0	0	0	0
8.959994314111902e-09	127.64	7.08109	7.69678	1.40658	0	0	0	0	0	0	0	0
8.970005614284096e-09	127.647	7.07423	7.7064	1.40711	0	0	0	0	0	0	0	0
8.980003654456064e-09	127.654	7.06738	7.71603	1.40765	0	0	0	0	0	0	0	0
8.990001694628028e-09	127.661	7.06054	7.72566	1.40818	0	0	0	0	0	0	0	0
8.999999734799996e-09	127.668	7.05372	7.73528	1.40871	0	0	0	0	0	0	0	0
9.009997774971962e-09	127.675	7.04691	7.74491	1.40924	0	0	0	0	0	0	0	0
9.01999581514393e-09	127.681	7.04012	7.75454	1.40978	0	0	0	0	0	0	0	0
9.029993855315894e-09	127.688	7.03334	7.76417	1.41031	0	0	0	0	0	0	0	0
9.040005155488088e-09	127.695	7.02657	7.7738	1.41084	0	0	0	0	0	0	0	0
9.050003195660056e-09	127.702	7.01982	7.78343	1.41137	0	0	0	0	0	0	0	0
9.060001235832022e-09	127.708	7.01308	7.79306	1.4119	0	0	0	0	0	0	0	0
9.069999276003988e-09	127.715	7.00636	7.80269	1.41242	0	0	0	0	0	0	0	0
9.079997316175954e-09	127.722	6.99965	7.81233	1.41295	0	0	0	0	0	0	0	0
9.08999535634792e-09	127.729	6.99296	7.82196	1.41348	0	0	0	0	0	0	0	0
9.100006656520114e-09	127.735	6.98628	7.83159	1.41401	0	0	0	0	0	0	0	0
9.11000469669208e-09	127.742	6.97961	7.84122	1.41453	0	0	0	0	0	0	0	0
9.120002736864048e-09	127.749	6.97296	7.85086	1.41506	0	0	0	0	0	0	0	0
9.130000777036014e-09	127.755	6.96632	7.86049	1.41558	0	0	0	0	0	0	0	0
9.139998817207978e-09	127.762	6.95969	7.87013	1.41611	0	0	0	0	0	0	0	0
9.149996857379946e-09	127.768	6.95308	7.87976	1.41663	0	0	0	0	0	0	0	0
9.159994897551912e-09	127.775	6.94648	7.8894	1.41716	0	0	0	0	0	0	0	0
9.170006197724108e-09	127.782	6.9399	7.89903	1.41768	0	0	0	0	0	0	0	0
9.180004237896072e-09	127.788	6.93333	7.90867	1.41821	0	0	0	0	0	0	0	0
9.19000227806804e-09	127.795	6.92677	7.91831	1.41873	0	0	0	0	0	0	0	0
9.200000318240006e-09	127.801	6.92023	7.92795	1.41925	0	0	0	0	0	0	0	0
9.209998358411972e-09	127.808	6.9137	7.93759	1.41977	0	0	0	0	0	0	0	0
9.219996398583938e-09	127.814	6.90718	7.94722	1.42029	0	0	0	0	0	0	0	0
9.229994438755904e-09	127.821	6.90068	7.95686	1.42081	0	0	0	0	0	0	0	0
9.2400057389281e-09	127.827	6.89419	7.9665	1.42133	0	0	0	0	0	0	0	0
9.250003779100066e-09	127.834	6.88771	7.97614	1.42185	0	0	0	0	0	0	0	0
9.260001819272032e-09	127.84	6.88125	7.98578	1.42237	0	0	0	0	0	0	0	0
9.269999859443998e-09	127.847	6.8748	7.99543	1.42289	0	0	0	0	0	0	0	0
9.279997899615964e-09	127.853	6.86836	8.00507	1.42341	0	0	0	0	0	0	0	0
9.289995939787931e-09	127.86	6.86194	8.01471	1.42393	0	0	0	0	0	0	0	0
9.299993979959896e-09	127.866	6.85553	8.02435	1.42444	0	0	0	0	0	0	0	0
9.310005280132091e-09	127.872	6.84913	8.034	1.42496	0	0	0	0	0	0	0	0
9.320003320304058e-09	127.879	6.84275	8.04364	1.42548	0	0	0	0	0	0	0	0
9.330001360476022e-09	127.885	6.83638	8.05328	1.42599	0	0	0	0	0	0	0	0
9.33999940064799e-09	127.892	6.83002	8.06293	1.42651	0	0	0	0	0	0	0	0
9.349997440819956e-09	127.898	6.82367	8.07257	1.42702	0	0	0	0	0	0	0	0
9.359995480991923e-09	127.904	6.81734	8.08222	1.42754	0	0	0	0	0	0	0	0
9.370006781164116e-09	127.911	6.81102	8.09187	1.42805	0	0	0	0	0	0	0	0
9.380004821336083e-09	127.917	6.80472	8.10151	1.42857	0	0	0	0	0	0	0	0
9.39000286150805e-09	127.923	6.79842	8.11116	1.42908	0	0	0	0	0	0	0	0
9.400000901680015e-09	127.929	6.79214	8.12081	1.42959	0	0	0	0	0	0	0	0
9.409998941851982e-09	127.936	6.78587	8.13045	1.4301	0	0	0	0	0	0	0	0
9.419996982023948e-09	127.942	6.77962	8.1401	1.43061	0	0	0	0	0	0	0	0
9.429995022195915e-09	127.948	6.77337	8.14975	1.43113	0	0	0	0	0	0	0	0
9.440006322368108e-09	127.954	6.76714	8.1594	1.43164	0	0	0	0	0	0	0	0
9.450004362540075e-09	127.961	6.76092	8.16905	1.43215	0	0	0	0	0	0	0	0
9.460002402712041e-09	127.967	6.75472	8.1787	1.43266	0	0	0	0	0	0	0	0
9.470000442884007e-09	127.973	6.74853	8.18835	1.43316	0	0	0	0	0	0	0	0
9.479998483055975e-09	127.979	6.74234	8.198	1.43367	0	0	0	0	0	0	0	0
9.48999652322794e-09	127.985	6.73618	8.20766	1.43418	0	0	0	0	0	0	0	0
9.499994563399907e-09	127.992	6.73002	8.21731	1.43469	0	0	0	0	0	0	0	0
9.510005863572101e-09	127.998	6.72388	8.22696	1.4352	0	0	0	0	0	0	0	0
9.520003903744066e-09	128.004	6.71775	8.23661	1.4357	0	0	0	0	0	0	0	0
9.530001943916033e-09	128.01	6.71163	8.24627	1.43621	0	0	0	0	0	0	0	0
9.539999984088e-09	128.016	6.70552	8.25592	1.43672	0	0	0	0	0	0	0	0
9.549998024259967e-09	128.022	6.69942	8.26558	1.43722	0	0	0	0	0	0	0	0
9.559996064431931e-09	128.028	6.69334	8.27523	1.43773	0	0	0	0	0	0	0	0
9.569994104603897e-09	128.034	6.68727	8.28489	1.43823	0	0	0	0	0	0	0	0
9.580005404776093e-09	128.04	6.68121	8.29454	1.43874	0	0	0	0	0	0	0	0
9.59000344494806e-09	128.046	6.67517	8.3042	1.43924	0	0	0	0	0	0	0	0
9.600001485120025e-09	128.052	6.66913	8.31385	1.43974	0	0	0	0	0	0	0	0
9.609999525291991e-09	128.058	6.66311	8.32351	1.44024	0	0	0	0	0	0	0	0
9.619997565463959e-09	128.064	6.6571	8.33317	1.44075	0	0	0	0	0	0	0	0
9.629995605635925e-09	128.07	6.6511	8.34283	1.44125	0	0	0	0	0	0	0	0
9.640006905808118e-09	128.076	6.64511	8.35249	1.44175	0	0	0	0	0	0	0	0
9.650004945980085e-09	128.082	6.63914	8.36215	1.44225	0	0	0	0	0	0	0	0
9.660002986152051e-09	128.088	6.63318	8.37181	1.44275	0	0	0	0	0	0	0	0
9.670001026324017e-09	128.094	6.62722	8.38147	1.44325	0	0	0	0	0	0	0	0
9.679999066495983e-09	128.1	6.62128	8.39113	1.44375	0	0	0	0	0	0	0	0
9.689997106667951e-09	128.106	6.61536	8.40079	1.44425	0	0	0	0	0	0	0	0
9.699995146839917e-09	128.112	6.60944	8.41045	1.44475	0	0	0	0	0	0	0	0
9.71000644701211e-09	128.118	6.60353	8.42011	1.44525	0	0	0	0	0	0	0	0
9.720004487184077e-09	128.124	6.59764	8.42977	1.44574	0	0	0	0	0	0	0	0
9.730002527356043e-09	128.13	6.59176	8.43943	1.44624	0	0	0	0	0	0	0	0
9.740000567528011e-09	128.136	6.58589	8.4491	1.44674	0	0	0	0	0	0	0	0
9.749998607699975e-09	128.142	6.58003	8.45876	1.44724	0	0	0	0	0	0	0	0
9.759996647871941e-09	128.147	6.57418	8.46843	1.44773	0	0	0	0	0	0	0	0
9.769994688043909e-09	128.153	6.56835	8.47809	1.44823	0	0	0	0	0	0	0	0
9.780005988216102e-09	128.159	6.56252	8.48775	1.44872	0	0	0	0	0	0	0	0
9.79000402838807e-09	128.165	6.55671	8.49742	1.44922	0	0	0	0	0	0	0	0
9.800002068560035e-09	128.171	6.55091	8.50709	1.44971	0	0	0	0	0	0	0	0
9.810000108732003e-09	128.176	6.54512	8.51675	1.45021	0	0	0	0	0	0	0	0
9.819998148903969e-09	128.182	6.53934	8.52642	1.4507	0	0	0	0	0	0	0	0
9.829996189075933e-09	128.188	6.53357	8.53609	1.45119	0	0	0	0	0	0	0	0
9.839994229247901e-09	128.194	6.52781	8.54575	1.45168	0	0	0	0	0	0	0	0
9.850005529420095e-09	128.199	6.52206	8.55542	1.45218	0	0	0	0	0	0	0	0
9.860003569592061e-09	128.205	6.51633	8.56509	1.45267	0	0	0	0	0	0	0	0
9.870001609764027e-09	128.211	6.51061	8.57476	1.45316	0	0	0	0	0	0	0	0
9.879999649935995e-09	128.217	6.50489	8.58443	1.45365	0	0	0	0	0	0	0	0
9.889997690107961e-09	128.222	6.49919	8.5941	1.45414	0	0	0	0	0	0	0	0
9.899995730279925e-09	128.228	6.4935	8.60377	1.45463	0	0	0	0	0	0	0	0
9.909993770451893e-09	128.234	6.48782	8.61344	1.45512	0	0	0	0	0	0	0	0
9.920005070624087e-09	128.239	6.48215	8.62311	1.45561	0	0	0	0	0	0	0	0
9.930003110796055e-09	128.245	6.47649	8.63278	1.4561	0	0	0	0	0	0	0	0
9.94000115096802e-09	128.251	6.47085	8.64245	1.45659	0	0	0	0	0	0	0	0
9.949999191139985e-09	128.256	6.46521	8.65212	1.45707	0	0	0	0	0	0	0	0
9.959997231311953e-09	128.262	6.45958	8.6618	1.45756	0	0	0	0	0	0	0	0
9.969995271483919e-09	128.268	6.45397	8.67147	1.45805	0	0	0	0	0	0	0	0
9.980006571656113e-09	128.273	6.44836	8.68114	1.45853	0	0	0	0	0	0	0	0
9.99000461182808e-09	128.279	6.44277	8.69082	1.45902	0	0	0	0	0	0	0	0
