mk	dmk	CL10	CH10	NL10	NH10	ALL10	AHL10	CL11	CH11	NL11	NH11	ALL11	AHL11
10.0	5.0	0.0	0.0	0.0	0.00276246	0.0	0.0	0.0	0.0	0.0	0.00138123	0.0	0.0
10.0	10.0	0.0	0.0	0.0	0.000494128	0.0	0.0	0.0	0.0	0.0	0.000247064	0.0	0.0
10.0	20.0	0.0	0.0	0.0	2.13321e-05	0.0	0.0	0.0	0.0	0.0	1.0666e-05	0.0	0.0
20.0	10.0	0.0	0.0	0.0	0.0017071	0.0	0.0	0.343749	0.0	2592380.0	0.000853552	991579000000.0	13.9994
20.0	20.0	0.0	0.0	0.0	0.000220155	0.0	0.0	0.00934479	0.0	70473.5	0.000110078	702792000.0	0.0469456
20.0	40.0	0.0	0.0	0.0	1.89544e-06	0.0	0.0	0.0	0.0	0.0	9.47722e-07	0.0	0.0
50.0	10.0	0.0	0.0	0.0	4.74185e-05	0.0	0.0	9.78041	0.0	73758700.0	2.37093e-05	830115000000000.0	7.59996
50.0	20.0	0.0	0.0	0.0	0.0	0.0	0.0	8.7343	0.0	65869500.0	0.0	655844000000000.0	0.0
50.0	50.0	0.0	0.0	0.0	0.0	0.0	0.0	4.01235	0.0	30259000.0	0.0	137604000000000.0	0.0
50.0	100.0	0.0	0.0	0.0	0.0	0.0	0.0	1.04413	0.0	7874250.0	0.0	8997940000000.0	0.0
100.0	20.0	0.0	0.0	0.0	0.0	0.0	0.0	69.5139	0.0	524238000.0	0.0	7.93463e+16	0.0
100.0	50.0	0.0	0.0	0.0	0.0	0.0	0.0	32.5872	0.0	245756000.0	0.0	1.49664e+16	0.0
100.0	100.0	0.0	0.0	0.0	0.0	0.0	0.0	10.8201	0.0	81599700.0	0.0	1099170000000000.0	0.0
100.0	200.0	0.0	0.0	0.0	0.0	0.0	0.0	4.76022	0.0	35899100.0	0.0	191461000000000.0	0.0
500.0	20.0	0.0	0.0	0.0	0.0	0.0	0.0	47.2092	0.0	356027000.0	0.0	3.72358e+16	0.0
500.0	50.0	0.0	0.0	0.0	0.0	0.0	0.0	51.9077	0.0	391461000.0	0.0	4.27842e+16	0.0
500.0	100.0	0.0	0.0	0.0	0.0	0.0	0.0	38.6663	0.0	291601000.0	0.0	2.06744e+16	0.0
500.0	200.0	0.0	0.0	0.0	0.0	0.0	0.0	16.7014	0.0	125953000.0	0.0	3082890000000000.0	0.0
1000.0	20.0	0.0	0.0	0.0	0.0	0.0	0.0	29.2926	0.0	220909000.0	0.0	1.05552e+16	0.0
1000.0	50.0	0.0	0.0	0.0	0.0	0.0	0.0	44.8056	0.0	337901000.0	0.0	3.2642e+16	0.0
1000.0	100.0	0.0	0.0	0.0	0.0	0.0	0.0	38.5964	0.0	291074000.0	0.0	2.1368e+16	0.0
1000.0	200.0	0.0	0.0	0.0	0.0	0.0	0.0	18.1172	0.0	136630000.0	0.0	3735120000000000.0	0.0
5000.0	20.0	0.0	0.0	0.0	0.0	0.0	0.0	6.66595	0.0	50271100.0	0.0	21179800000000.0	0.0
5000.0	50.0	0.0	0.0	0.0	0.0	0.0	0.0	11.5244	0.0	86911100.0	0.0	190292000000000.0	0.0
5000.0	100.0	0.0	0.0	0.0	0.0	0.0	0.0	12.2833	0.0	92634600.0	0.0	345797000000000.0	0.0
5000.0	200.0	0.0	0.0	0.0	0.0	0.0	0.0	7.37715	0.0	55634600.0	0.0	205712000000000.0	0.0
10000.0	20.0	0.0	0.0	0.0	0.0	0.0	0.0	3.52429	0.0	26578300.0	0.0	961822000000.0	0.0
10000.0	50.0	0.0	0.0	0.0	0.0	0.0	0.0	5.47825	0.0	41314100.0	0.0	6395450000000.0	0.0
10000.0	100.0	0.0	0.0	0.0	0.0	0.0	0.0	6.1483	0.0	46367300.0	0.0	20060200000000.0	0.0
10000.0	200.0	0.0	0.0	0.0	0.0	0.0	0.0	3.70476	0.0	27939300.0	0.0	11484700000000.0	0.0
													
													
													
													
													
													
													
													
													
													
													
													
													
													
													
													
													
													
													
													
													
													
													
													
													
													
													
													
													
													
													
													
													
													
													
													
													
													
													
													
													
													
													
													
													
													
													
													
													
													
													
													
													
													
													
													
													
													
													
													
													
													
													
													
													
													
													
													
													
													
													
													
													
													
													
													
													
													
													
													
													
													
													
													
													
													
													
													
													
													
													
													
													
													
													
													
													
													
													
													
													
													
													
													
													
													
													
													
													
													
													
